        x        Sw        So   Cp  Sw_0  So_0  Cp_0      Sw_1      So_1  Cp_1      Sw_2      So_2  Cp_2      Sw_3      So_3  Cp_3
0    0.00  0.757370  0.242630  1.0   0.1   0.9   1.0  0.722024  0.277976   1.0  0.742134  0.257866   1.0  0.751604  0.248396   1.0
1    0.06  0.744606  0.255394  1.0   0.1   0.9   1.0  0.698810  0.301190   1.0  0.725101  0.274899   1.0  0.737229  0.262771   1.0
2    0.12  0.735148  0.264852  1.0   0.1   0.9   1.0  0.679332  0.320668   1.0  0.712384  0.287616   1.0  0.726581  0.273419   1.0
3    0.18  0.727348  0.272652  1.0   0.1   0.9   1.0  0.655775  0.344225   1.0  0.701613  0.298387   1.0  0.717770  0.282230   1.0
4    0.24  0.720579  0.279421  1.0   0.1   0.9   1.0  0.581358  0.418642   1.0  0.691722  0.308278   1.0  0.710062  0.289938   1.0
5    0.30  0.714517  0.285483  1.0   0.1   0.9   0.0  0.484873  0.515127   1.0  0.681903  0.318097   1.0  0.703062  0.296938   1.0
6    0.36  0.708964  0.291036  1.0   0.1   0.9   0.0  0.501161  0.498839   1.0  0.670887  0.329113   1.0  0.696503  0.303497   1.0
7    0.42  0.703783  0.296217  1.0   0.1   0.9   0.0  0.497051  0.502949   1.0  0.654983  0.345017   1.0  0.690148  0.309852   1.0
8    0.48  0.698867  0.301133  1.0   0.1   0.9   0.0  0.492045  0.507955   1.0  0.609776  0.390224   1.0  0.683715  0.316285   1.0
9    0.54  0.694120  0.305880  1.0   0.1   0.9   0.0  0.487562  0.512438   0.0  0.487468  0.512532   1.0  0.676793  0.323207   1.0
10   0.60  0.689441  0.310559  1.0   0.1   0.9   0.0  0.482364  0.517636   0.0  0.490759  0.509241   1.0  0.668505  0.331495   1.0
11   0.66  0.684703  0.315297  1.0   0.1   0.9   0.0  0.476354  0.523646   0.0  0.496429  0.503571   1.0  0.656144  0.343856   1.0
12   0.72  0.679709  0.320291  1.0   0.1   0.9   0.0  0.469746  0.530254   0.0  0.496327  0.503673   1.0  0.624928  0.375072   1.0
13   0.78  0.674122  0.325878  1.0   0.1   0.9   0.0  0.462653  0.537347   0.0  0.495546  0.504454   0.0  0.501584  0.498416   1.0
14   0.84  0.667196  0.332804  1.0   0.1   0.9   0.0  0.455014  0.544986   0.0  0.495341  0.504659   0.0  0.490440  0.509560   1.0
15   0.90  0.656677  0.343323  1.0   0.1   0.9   0.0  0.446583  0.553417   0.0  0.495156  0.504844   0.0  0.491939  0.508061   1.0
16   0.96  0.631490  0.368510  1.0   0.1   0.9   0.0  0.436792  0.563208   0.0  0.494708  0.505292   0.0  0.494088  0.505912   1.0
17   1.02  0.510634  0.489366  0.0   0.1   0.9   0.0  0.424279  0.575721   0.0  0.493924  0.506076   0.0  0.494073  0.505927   0.0
18   1.08  0.494351  0.505649  0.0   0.1   0.9   0.0  0.405050  0.594950   0.0  0.492751  0.507249   0.0  0.493693  0.506307   0.0
19   1.14  0.491018  0.508982  0.0   0.1   0.9   0.0  0.361673  0.638327   0.0  0.491158  0.508842   0.0  0.493645  0.506355   0.0
20   1.20  0.492433  0.507567  0.0   0.1   0.9   0.0  0.211405  0.788595   0.0  0.489156  0.510844   0.0  0.493803  0.506197   0.0
21   1.26  0.493096  0.506904  0.0   0.1   0.9   0.0  0.102379  0.897621   0.0  0.486793  0.513207   0.0  0.494047  0.505953   0.0
22   1.32  0.492827  0.507173  0.0   0.1   0.9   0.0  0.100000  0.900000   0.0  0.484132  0.515868   0.0  0.494321  0.505679   0.0
23   1.38  0.492561  0.507439  0.0   0.1   0.9   0.0  0.100000  0.900000   0.0  0.481232  0.518768   0.0  0.494559  0.505441   0.0
24   1.44  0.492514  0.507486  0.0   0.1   0.9   0.0  0.100000  0.900000   0.0  0.478146  0.521854   0.0  0.494688  0.505312   0.0
25   1.50  0.492609  0.507391  0.0   0.1   0.9   0.0  0.100000  0.900000   0.0  0.474911  0.525089   0.0  0.494652  0.505348   0.0
26   1.56  0.492789  0.507211  0.0   0.1   0.9   0.0  0.100000  0.900000   0.0  0.471554  0.528446   0.0  0.494416  0.505584   0.0
27   1.62  0.493020  0.506980  0.0   0.1   0.9   0.0  0.100000  0.900000   0.0  0.468089  0.531911   0.0  0.493966  0.506034   0.0
28   1.68  0.493265  0.506735  0.0   0.1   0.9   0.0  0.100000  0.900000   0.0  0.464516  0.535484   0.0  0.493298  0.506702   0.0
29   1.74  0.493494  0.506506  0.0   0.1   0.9   0.0  0.100000  0.900000   0.0  0.460826  0.539174   0.0  0.492414  0.507586   0.0
30   1.80  0.493695  0.506305  0.0   0.1   0.9   0.0  0.100000  0.900000   0.0  0.456997  0.543003   0.0  0.491320  0.508680   0.0
31   1.86  0.493865  0.506135  0.0   0.1   0.9   0.0  0.100000  0.900000   0.0  0.452985  0.547015   0.0  0.490030  0.509970   0.0
32   1.92  0.494006  0.505994  0.0   0.1   0.9   0.0  0.100000  0.900000   0.0  0.448721  0.551279   0.0  0.488560  0.511440   0.0
33   1.98  0.494112  0.505888  0.0   0.1   0.9   0.0  0.100000  0.900000   0.0  0.444088  0.555912   0.0  0.486929  0.513071   0.0
34   2.04  0.494167  0.505833  0.0   0.1   0.9   0.0  0.100000  0.900000   0.0  0.438886  0.561114   0.0  0.485159  0.514841   0.0
35   2.10  0.494148  0.505852  0.0   0.1   0.9   0.0  0.100000  0.900000   0.0  0.432738  0.567262   0.0  0.483270  0.516730   0.0
36   2.16  0.494030  0.505970  0.0   0.1   0.9   0.0  0.100000  0.900000   0.0  0.424867  0.575133   0.0  0.481281  0.518719   0.0
37   2.22  0.493790  0.506210  0.0   0.1   0.9   0.0  0.100000  0.900000   0.0  0.413376  0.586624   0.0  0.479210  0.520790   0.0
38   2.28  0.493413  0.506587  0.0   0.1   0.9   0.0  0.100000  0.900000   0.0  0.392185  0.607815   0.0  0.477069  0.522931   0.0
39   2.34  0.492890  0.507110  0.0   0.1   0.9   0.0  0.100000  0.900000   0.0  0.329955  0.670045   0.0  0.474871  0.525129   0.0
40   2.40  0.492221  0.507779  0.0   0.1   0.9   0.0  0.100000  0.900000   0.0  0.154133  0.845867   0.0  0.472623  0.527377   0.0
41   2.46  0.491411  0.508589  0.0   0.1   0.9   0.0  0.100000  0.900000   0.0  0.100210  0.899790   0.0  0.470332  0.529668   0.0
42   2.52  0.490467  0.509533  0.0   0.1   0.9   0.0  0.100000  0.900000   0.0  0.100000  0.900000   0.0  0.468000  0.532000   0.0
43   2.58  0.489403  0.510597  0.0   0.1   0.9   0.0  0.100000  0.900000   0.0  0.100000  0.900000   0.0  0.465627  0.534373   0.0
44   2.64  0.488229  0.511771  0.0   0.1   0.9   0.0  0.100000  0.900000   0.0  0.100000  0.900000   0.0  0.463213  0.536787   0.0
45   2.70  0.486960  0.513040  0.0   0.1   0.9   0.0  0.100000  0.900000   0.0  0.100000  0.900000   0.0  0.460751  0.539249   0.0
46   2.76  0.485607  0.514393  0.0   0.1   0.9   0.0  0.100000  0.900000   0.0  0.100000  0.900000   0.0  0.458233  0.541767   0.0
47   2.82  0.484182  0.515818  0.0   0.1   0.9   0.0  0.100000  0.900000   0.0  0.100000  0.900000   0.0  0.455648  0.544352   0.0
48   2.88  0.482695  0.517305  0.0   0.1   0.9   0.0  0.100000  0.900000   0.0  0.100000  0.900000   0.0  0.452976  0.547024   0.0
49   2.94  0.481156  0.518844  0.0   0.1   0.9   0.0  0.100000  0.900000   0.0  0.100000  0.900000   0.0  0.450191  0.549809   0.0
50   3.00  0.479572  0.520428  0.0   0.1   0.9   0.0  0.100000  0.900000   0.0  0.100000  0.900000   0.0  0.447255  0.552745   0.0
51   3.06  0.477951  0.522049  0.0   0.1   0.9   0.0  0.100000  0.900000   0.0  0.100000  0.900000   0.0  0.444110  0.555890   0.0
52   3.12  0.476297  0.523703  0.0   0.1   0.9   0.0  0.100000  0.900000   0.0  0.100000  0.900000   0.0  0.440665  0.559335   0.0
53   3.18  0.474616  0.525384  0.0   0.1   0.9   0.0  0.100000  0.900000   0.0  0.100000  0.900000   0.0  0.436773  0.563227   0.0
54   3.24  0.472910  0.527090  0.0   0.1   0.9   0.0  0.100000  0.900000   0.0  0.100000  0.900000   0.0  0.432174  0.567826   0.0
55   3.30  0.471183  0.528817  0.0   0.1   0.9   0.0  0.100000  0.900000   0.0  0.100000  0.900000   0.0  0.426369  0.573631   0.0
56   3.36  0.469436  0.530564  0.0   0.1   0.9   0.0  0.100000  0.900000   0.0  0.100000  0.900000   0.0  0.418266  0.581734   0.0
57   3.42  0.467670  0.532330  0.0   0.1   0.9   0.0  0.100000  0.900000   0.0  0.100000  0.900000   0.0  0.404948  0.595052   0.0
58   3.48  0.465885  0.534115  0.0   0.1   0.9   0.0  0.100000  0.900000   0.0  0.100000  0.900000   0.0  0.375424  0.624576   0.0
59   3.54  0.464080  0.535920  0.0   0.1   0.9   0.0  0.100000  0.900000   0.0  0.100000  0.900000   0.0  0.266927  0.733073   0.0
60   3.60  0.462253  0.537747  0.0   0.1   0.9   0.0  0.100000  0.900000   0.0  0.100000  0.900000   0.0  0.111968  0.888032   0.0
61   3.66  0.460401  0.539599  0.0   0.1   0.9   0.0  0.100000  0.900000   0.0  0.100000  0.900000   0.0  0.100002  0.899998   0.0
62   3.72  0.458522  0.541478  0.0   0.1   0.9   0.0  0.100000  0.900000   0.0  0.100000  0.900000   0.0  0.100000  0.900000   0.0
63   3.78  0.456608  0.543392  0.0   0.1   0.9   0.0  0.100000  0.900000   0.0  0.100000  0.900000   0.0  0.100000  0.900000   0.0
64   3.84  0.454653  0.545347  0.0   0.1   0.9   0.0  0.100000  0.900000   0.0  0.100000  0.900000   0.0  0.100000  0.900000   0.0
65   3.90  0.452646  0.547354  0.0   0.1   0.9   0.0  0.100000  0.900000   0.0  0.100000  0.900000   0.0  0.100000  0.900000   0.0
66   3.96  0.450575  0.549425  0.0   0.1   0.9   0.0  0.100000  0.900000   0.0  0.100000  0.900000   0.0  0.100000  0.900000   0.0
67   4.02  0.448422  0.551578  0.0   0.1   0.9   0.0  0.100000  0.900000   0.0  0.100000  0.900000   0.0  0.100000  0.900000   0.0
68   4.08  0.446160  0.553840  0.0   0.1   0.9   0.0  0.100000  0.900000   0.0  0.100000  0.900000   0.0  0.100000  0.900000   0.0
69   4.14  0.443754  0.556246  0.0   0.1   0.9   0.0  0.100000  0.900000   0.0  0.100000  0.900000   0.0  0.100000  0.900000   0.0
70   4.20  0.441151  0.558849  0.0   0.1   0.9   0.0  0.100000  0.900000   0.0  0.100000  0.900000   0.0  0.100000  0.900000   0.0
71   4.26  0.438270  0.561730  0.0   0.1   0.9   0.0  0.100000  0.900000   0.0  0.100000  0.900000   0.0  0.100000  0.900000   0.0
72   4.32  0.434979  0.565021  0.0   0.1   0.9   0.0  0.100000  0.900000   0.0  0.100000  0.900000   0.0  0.100000  0.900000   0.0
73   4.38  0.431053  0.568947  0.0   0.1   0.9   0.0  0.100000  0.900000   0.0  0.100000  0.900000   0.0  0.100000  0.900000   0.0
74   4.44  0.426071  0.573929  0.0   0.1   0.9   0.0  0.100000  0.900000   0.0  0.100000  0.900000   0.0  0.100000  0.900000   0.0
75   4.50  0.419143  0.580857  0.0   0.1   0.9   0.0  0.100000  0.900000   0.0  0.100000  0.900000   0.0  0.100000  0.900000   0.0
76   4.56  0.408028  0.591972  0.0   0.1   0.9   0.0  0.100000  0.900000   0.0  0.100000  0.900000   0.0  0.100000  0.900000   0.0
77   4.62  0.385126  0.614874  0.0   0.1   0.9   0.0  0.100000  0.900000   0.0  0.100000  0.900000   0.0  0.100000  0.900000   0.0
78   4.68  0.308477  0.691523  0.0   0.1   0.9   0.0  0.100000  0.900000   0.0  0.100000  0.900000   0.0  0.100000  0.900000   0.0
79   4.74  0.133062  0.866938  0.0   0.1   0.9   0.0  0.100000  0.900000   0.0  0.100000  0.900000   0.0  0.100000  0.900000   0.0
80   4.80  0.100046  0.899954  0.0   0.1   0.9   0.0  0.100000  0.900000   0.0  0.100000  0.900000   0.0  0.100000  0.900000   0.0
81   4.86  0.100000  0.900000  0.0   0.1   0.9   0.0  0.100000  0.900000   0.0  0.100000  0.900000   0.0  0.100000  0.900000   0.0
82   4.92  0.100000  0.900000  0.0   0.1   0.9   0.0  0.100000  0.900000   0.0  0.100000  0.900000   0.0  0.100000  0.900000   0.0
83   4.98  0.100000  0.900000  0.0   0.1   0.9   0.0  0.100000  0.900000   0.0  0.100000  0.900000   0.0  0.100000  0.900000   0.0
84   5.04  0.100000  0.900000  0.0   0.1   0.9   0.0  0.100000  0.900000   0.0  0.100000  0.900000   0.0  0.100000  0.900000   0.0
85   5.10  0.100000  0.900000  0.0   0.1   0.9   0.0  0.100000  0.900000   0.0  0.100000  0.900000   0.0  0.100000  0.900000   0.0
86   5.16  0.100000  0.900000  0.0   0.1   0.9   0.0  0.100000  0.900000   0.0  0.100000  0.900000   0.0  0.100000  0.900000   0.0
87   5.22  0.100000  0.900000  0.0   0.1   0.9   0.0  0.100000  0.900000   0.0  0.100000  0.900000   0.0  0.100000  0.900000   0.0
88   5.28  0.100000  0.900000  0.0   0.1   0.9   0.0  0.100000  0.900000   0.0  0.100000  0.900000   0.0  0.100000  0.900000   0.0
89   5.34  0.100000  0.900000  0.0   0.1   0.9   0.0  0.100000  0.900000   0.0  0.100000  0.900000   0.0  0.100000  0.900000   0.0
90   5.40  0.100000  0.900000  0.0   0.1   0.9   0.0  0.100000  0.900000   0.0  0.100000  0.900000   0.0  0.100000  0.900000   0.0
91   5.46  0.100000  0.900000  0.0   0.1   0.9   0.0  0.100000  0.900000   0.0  0.100000  0.900000   0.0  0.100000  0.900000   0.0
92   5.52  0.100000  0.900000  0.0   0.1   0.9   0.0  0.100000  0.900000   0.0  0.100000  0.900000   0.0  0.100000  0.900000   0.0
93   5.58  0.100000  0.900000  0.0   0.1   0.9   0.0  0.100000  0.900000   0.0  0.100000  0.900000   0.0  0.100000  0.900000   0.0
94   5.64  0.100000  0.900000  0.0   0.1   0.9   0.0  0.100000  0.900000   0.0  0.100000  0.900000   0.0  0.100000  0.900000   0.0
95   5.70  0.100000  0.900000  0.0   0.1   0.9   0.0  0.100000  0.900000   0.0  0.100000  0.900000   0.0  0.100000  0.900000   0.0
96   5.76  0.100000  0.900000  0.0   0.1   0.9   0.0  0.100000  0.900000   0.0  0.100000  0.900000   0.0  0.100000  0.900000   0.0
97   5.82  0.100000  0.900000  0.0   0.1   0.9   0.0  0.100000  0.900000   0.0  0.100000  0.900000   0.0  0.100000  0.900000   0.0
98   5.88  0.100000  0.900000  0.0   0.1   0.9   0.0  0.100000  0.900000   0.0  0.100000  0.900000   0.0  0.100000  0.900000   0.0
99   5.94  0.100000  0.900000  0.0   0.1   0.9   0.0  0.100000  0.900000   0.0  0.100000  0.900000   0.0  0.100000  0.900000   0.0
100  6.00  0.100000  0.900000  0.0   0.1   0.9   0.0  0.100000  0.900000   0.0  0.100000  0.900000   0.0  0.100000  0.900000   0.0