          x  Sw_0         p_0      Sw_1         p_1      Sw_2         p_2      Sw_3         p_3      Sw_4          p_4   C_0            C_1            C_2            C_3            C_4 
0       0.0  0.251  290.288431  0.760336  502.520378  0.765936  713.245266  0.768446  923.246222  0.769953  1132.870869   0.0   5.000000e+02   5.000000e+02   5.000000e+02   5.000000e+02
1       5.0  0.251  289.562710  0.754243  496.318694  0.761532  707.195784  0.764806  917.263702  0.766776  1126.928192   0.0   5.000000e+02   5.000000e+02   5.000000e+02   5.000000e+02
2      10.0  0.251  288.836989  0.749660  489.988552  0.758208  701.055751  0.762053  911.207280  0.764369  1120.921524   0.0   5.000000e+02   5.000000e+02   5.000000e+02   5.000000e+02
3      15.0  0.251  288.111267  0.745837  483.555680  0.755435  694.843257  0.759751  905.091679  0.762355  1114.863595   0.0   5.000000e+02   5.000000e+02   5.000000e+02   5.000000e+02
4      20.0  0.251  287.385546  0.742492  477.034319  0.753011  688.568343  0.757737  898.925064  0.760591  1108.761456   0.0   5.000000e+02   5.000000e+02   5.000000e+02   5.000000e+02
5      25.0  0.251  286.659825  0.739480  470.433920  0.750835  682.237722  0.755927  892.712889  0.759003  1102.619817   0.0   5.000000e+02   5.000000e+02   5.000000e+02   5.000000e+02
6      30.0  0.251  285.934104  0.736713  463.761333  0.748845  675.856312  0.754272  886.459150  0.757551  1096.442127   0.0   5.000000e+02   5.000000e+02   5.000000e+02   5.000000e+02
7      35.0  0.251  285.208383  0.734136  457.021772  0.747003  669.427931  0.752739  880.166950  0.756205  1090.231063   0.0   4.999998e+02   5.000000e+02   5.000000e+02   5.000000e+02
8      40.0  0.251  284.482662  0.731704  450.219323  0.745282  662.955656  0.751306  873.838791  0.754946  1083.988783   0.0   4.999994e+02   5.000000e+02   5.000000e+02   5.000000e+02
9      45.0  0.251  283.756941  0.729388  443.357241  0.743660  656.442038  0.749956  867.476748  0.753760  1077.717076   0.0   4.999980e+02   5.000000e+02   5.000000e+02   5.000000e+02
10     50.0  0.251  283.031220  0.727159  436.438122  0.742124  649.889238  0.748678  861.082583  0.752637  1071.417461   0.0   4.999937e+02   5.000000e+02   5.000000e+02   5.000000e+02
11     55.0  0.251  282.305499  0.724994  429.464042  0.740661  643.299114  0.747461  854.657814  0.751567  1065.091247   0.0   4.999819e+02   5.000000e+02   5.000000e+02   5.000000e+02
12     60.0  0.251  281.579778  0.722871  422.436669  0.739262  636.673290  0.746299  848.203769  0.750545  1058.739580   0.0   4.999523e+02   5.000000e+02   5.000000e+02   5.000000e+02
13     65.0  0.251  280.854057  0.720766  415.357421  0.737919  630.013194  0.745184  841.721622  0.749564  1052.363472   0.0   4.998834e+02   5.000000e+02   5.000000e+02   5.000000e+02
14     70.0  0.251  280.128336  0.718653  408.227711  0.736626  623.320097  0.744112  835.212421  0.748621  1045.963828   0.0   4.997338e+02   5.000000e+02   5.000000e+02   5.000000e+02
15     75.0  0.251  279.402615  0.716504  401.049354  0.735377  616.595137  0.743078  828.677111  0.747712  1039.541462   0.0   4.994297e+02   5.000000e+02   5.000000e+02   5.000000e+02
16     80.0  0.251  278.676893  0.714285  393.825215  0.734168  609.839338  0.742079  822.116547  0.746834  1033.097114   0.0   4.988485e+02   5.000000e+02   5.000000e+02   5.000000e+02
17     85.0  0.251  277.951172  0.711953  386.560159  0.732995  603.053628  0.741112  815.531509  0.745983  1026.631457   0.0   4.978008e+02   5.000000e+02   5.000000e+02   5.000000e+02
18     90.0  0.251  277.225451  0.709462  379.262330  0.731854  596.238847  0.740173  808.922711  0.745158  1020.145111   0.0   4.960126e+02   5.000000e+02   5.000000e+02   5.000000e+02
19     95.0  0.251  276.499730  0.706752  371.944735  0.730742  589.395761  0.739261  802.290812  0.744357  1013.638644   0.0   4.931154e+02   5.000000e+02   5.000000e+02   5.000000e+02
20    100.0  0.251  275.774009  0.703756  364.626971  0.729656  582.525066  0.738373  795.636421  0.743577  1007.112585   0.0   4.886470e+02   5.000000e+02   5.000000e+02   5.000000e+02
21    105.0  0.251  275.048288  0.700394  357.336895  0.728594  575.627398  0.737509  788.960101  0.742818  1000.567425   0.0   4.820704e+02   5.000000e+02   5.000000e+02   5.000000e+02
22    110.0  0.251  274.322567  0.696572  350.111900  0.727553  568.703333  0.736665  782.262380  0.742077   994.003620   0.0   4.728130e+02   5.000000e+02   5.000000e+02   5.000000e+02
23    115.0  0.251  273.596846  0.692179  342.999481  0.726532  561.753397  0.735840  775.543747  0.741354   987.421599   0.0   4.603235e+02   5.000000e+02   5.000000e+02   5.000000e+02
24    120.0  0.251  272.871125  0.687082  336.056803  0.725527  554.778062  0.735034  768.804662  0.740648   980.821763   0.0   4.441420e+02   5.000000e+02   5.000000e+02   5.000000e+02
25    125.0  0.251  272.145404  0.681120  329.349116  0.724537  547.777753  0.734245  762.045556  0.739956   974.204489   0.0   4.239718e+02   4.999999e+02   5.000000e+02   5.000000e+02
26    130.0  0.251  271.419683  0.674096  322.947085  0.723559  540.752846  0.733472  755.266833  0.739280   967.570134   0.0   3.997401e+02   4.999998e+02   5.000000e+02   5.000000e+02
27    135.0  0.251  270.693962  0.665785  316.923399  0.722592  533.703669  0.732713  748.468874  0.738617   960.919034   0.0   3.716365e+02   4.999996e+02   5.000000e+02   5.000000e+02
28    140.0  0.251  269.968241  0.656021  311.349566  0.721634  526.630502  0.731969  741.652037  0.737966   954.251507   0.0   3.401224e+02   4.999991e+02   5.000000e+02   5.000000e+02
29    145.0  0.251  269.242519  0.645309  306.295760  0.720681  519.533577  0.731238  734.816663  0.737328   947.567854   0.0   3.059261e+02   4.999981e+02   5.000000e+02   5.000000e+02
30    150.0  0.251  268.516798  0.635329  301.727627  0.719733  512.413076  0.730519  727.963071  0.736702   940.868362   0.0   2.700817e+02   4.999961e+02   5.000000e+02   5.000000e+02
31    155.0  0.251  267.791077  0.624121  297.565641  0.718784  505.269130  0.729812  721.091564  0.736087   934.153305   0.0   2.337229e+02   4.999922e+02   5.000000e+02   5.000000e+02
32    160.0  0.251  267.065356  0.611308  293.801264  0.717834  498.101826  0.729115  714.202427  0.735482   927.422941   0.0   1.979581e+02   4.999848e+02   5.000000e+02   5.000000e+02
33    165.0  0.251  266.339635  0.596798  290.431978  0.716877  490.911210  0.728429  707.295931  0.734886   920.677519   0.0   1.638286e+02   4.999714e+02   5.000000e+02   5.000000e+02
34    170.0  0.251  265.613914  0.580632  287.444587  0.715911  483.697301  0.727752  700.372332  0.734301   913.917275   0.0   1.322322e+02   4.999474e+02   5.000000e+02   5.000000e+02
35    175.0  0.251  264.888193  0.563659  284.817879  0.714929  476.460116  0.727085  693.431872  0.733724   907.142436   0.0   1.038825e+02   4.999060e+02   5.000000e+02   5.000000e+02
36    180.0  0.251  264.162472  0.548359  282.493553  0.713927  469.199711  0.726426  686.474780  0.733156   900.353219   0.0   7.933986e+01   4.998363e+02   5.000000e+02   5.000000e+02
37    185.0  0.251  263.436751  0.533433  280.403146  0.712898  461.916244  0.725775  679.501272  0.732596   893.549830   0.0   5.884174e+01   4.997219e+02   5.000000e+02   5.000000e+02
38    190.0  0.251  262.711030  0.519319  278.506370  0.711833  454.610069  0.725131  672.511549  0.732043   886.732468   0.0   4.232340e+01   4.995391e+02   5.000000e+02   5.000000e+02
39    195.0  0.251  261.985309  0.506671  276.767511  0.710723  447.281865  0.724494  665.505804  0.731499   879.901325   0.0   2.950142e+01   4.992543e+02   5.000000e+02   5.000000e+02
40    200.0  0.251  261.259588  0.495986  275.152507  0.709558  439.932820  0.723864  658.484215  0.730961   873.056583   0.0   1.992560e+01   4.988209e+02   5.000000e+02   5.000000e+02
41    205.0  0.251  260.533867  0.487502  273.630721  0.708326  432.564850  0.723239  651.446948  0.730430   866.198419   0.0   1.304695e+01   4.981773e+02   5.000000e+02   5.000000e+02
42    210.0  0.251  259.808145  0.481160  272.176200  0.707010  425.180889  0.722620  644.394160  0.729906   859.327001   0.0   8.290367e+00   4.972432e+02   5.000000e+02   5.000000e+02
43    215.0  0.251  259.082424  0.476677  270.768229  0.705596  417.785217  0.722005  637.325991  0.729388   852.442492   0.0   5.118546e+00   4.959181e+02   5.000000e+02   5.000000e+02
44    220.0  0.251  258.356703  0.473657  269.391201  0.704065  410.383835  0.721395  630.242574  0.728876   845.545048   0.0   3.074392e+00   4.940795e+02   5.000000e+02   5.000000e+02
45    225.0  0.251  257.630982  0.471701  268.033973  0.702395  402.984867  0.720788  623.144026  0.728369   838.634820   0.0   1.798285e+00   4.915829e+02   5.000000e+02   5.000000e+02
46    230.0  0.251  256.905261  0.470470  266.688958  0.700563  395.598958  0.720184  616.030451  0.727869   831.711951   0.0   1.025111e+00   4.882638e+02   4.999999e+02   5.000000e+02
47    235.0  0.251  256.179540  0.469709  265.351208  0.698543  388.239646  0.719583  608.901941  0.727373   824.776582   0.0   5.697654e-01   4.839412e+02   4.999999e+02   5.000000e+02
48    240.0  0.251  255.453819  0.469238  264.017612  0.696305  380.923659  0.718984  601.758573  0.726882   817.828845   0.0   3.088265e-01   4.784243e+02   4.999998e+02   5.000000e+02
49    245.0  0.251  254.728098  0.468939  262.686280  0.693817  373.671114  0.718386  594.600408  0.726397   810.868870   0.0   1.632284e-01   4.715202e+02   4.999996e+02   5.000000e+02
50    250.0  0.251  254.002377  0.468738  261.356096  0.691039  366.505566  0.717788  587.427491  0.725916   803.896781   0.0   8.410055e-02   4.630446e+02   4.999992e+02   5.000000e+02
51    255.0  0.251  253.276656  0.468590  260.026417  0.687930  359.453886  0.717190  580.239851  0.725439   796.912694   0.0   4.221469e-02   4.528335e+02   4.999986e+02   5.000000e+02
52    260.0  0.251  252.550935  0.468467  258.696878  0.684440  352.545941  0.716590  573.037498  0.724966   789.916726   0.0   2.062451e-02   4.407549e+02   4.999974e+02   5.000000e+02
53    265.0  0.251  251.825214  0.468349  257.367265  0.680510  345.814089  0.715988  565.820424  0.724498   782.908986   0.0   9.793977e-03   4.267207e+02   4.999955e+02   5.000000e+02
54    270.0  0.251  251.099493  0.468216  256.037429  0.676074  339.292475  0.715382  558.588599  0.724033   775.889577   0.0   4.511426e-03   4.106967e+02   4.999923e+02   5.000000e+02
55    275.0  0.251  250.373771  0.468031  254.707207  0.671050  333.016197  0.714771  551.341979  0.723572   768.858601   0.0   2.009809e-03   3.927097e+02   4.999870e+02   5.000000e+02
56    280.0  0.251  249.648050  0.467706  253.376289  0.665346  327.020379  0.714153  544.080500  0.723114   761.816153   0.0   8.620381e-04   3.728516e+02   4.999785e+02   5.000000e+02
57    285.0  0.251  248.922329  0.467010  252.043937  0.658866  321.339324  0.713527  536.804088  0.722659   754.762325   0.0   3.534730e-04   3.512794e+02   4.999649e+02   5.000000e+02
58    290.0  0.251  248.196608  0.465325  250.708281  0.651589  316.006142  0.712890  529.512659  0.722208   747.697203   0.0   1.369476e-04   3.282131e+02   4.999436e+02   5.000000e+02
59    295.0  0.251  247.470887  0.460928  249.364612  0.644008  311.054665  0.712240  522.206140  0.721759   740.620870   0.0   4.909180e-05   3.039390e+02   4.999108e+02   5.000000e+02
60    300.0  0.251  246.745166  0.448567  248.002622  0.637326  306.448840  0.711574  514.884475  0.721313   733.533405   0.0   1.560174e-05   2.788431e+02   4.998612e+02   5.000000e+02
61    305.0  0.251  246.019445  0.410006  246.625876  0.630106  302.127867  0.710889  507.547657  0.720869   726.434880   0.0   3.928084e-06   2.533255e+02   4.997872e+02   5.000000e+02
62    310.0  0.251  245.293724  0.312245  245.438497  0.622133  298.086938  0.710181  500.195760  0.720428   719.325363   0.0   4.806531e-07   2.277761e+02   4.996787e+02   5.000000e+02
63    315.0  0.251  244.568003  0.253648  244.572853  0.613360  294.328749  0.709445  492.828981  0.719989   712.204919   0.0   3.049174e-09   2.025831e+02   4.995221e+02   5.000000e+02
64    320.0  0.251  243.842282  0.251004  243.842288  0.603745  290.851927  0.708678  485.447703  0.719551   705.073607   0.0   2.298103e-14   1.781163e+02   4.992992e+02   5.000000e+02
65    325.0  0.251  243.116561  0.251000  243.116561  0.593263  287.651175  0.707872  478.052568  0.719115   697.931480   0.0   1.300650e-20   1.547135e+02   4.989869e+02   5.000000e+02
66    330.0  0.251  242.390840  0.251000  242.390840  0.581927  284.717596  0.707023  470.644570  0.718680   690.778586   0.0   7.468911e-27   1.326686e+02   4.985556e+02   5.000000e+02
67    335.0  0.251  241.665119  0.251000  241.665119  0.569931  282.039422  0.706122  463.225164  0.718246   683.614967   0.0   4.394388e-33   1.122253e+02   4.979687e+02   5.000000e+02
68    340.0  0.251  240.939397  0.251000  240.939397  0.558607  279.594394  0.705162  455.796399  0.717813   676.440661   0.0   2.634181e-39   9.359129e+01   4.971815e+02   5.000000e+02
69    345.0  0.251  240.213676  0.251000  240.213676  0.548118  277.342490  0.704134  448.361061  0.717381   669.255697   0.0   1.592838e-45   7.693641e+01   4.961402e+02   4.999999e+02
70    350.0  0.251  239.487955  0.251000  239.487955  0.537702  275.250693  0.703028  440.922834  0.716949   662.060097   0.0   9.619170e-52   6.230923e+01   4.947818e+02   4.999999e+02
71    355.0  0.251  238.762234  0.251000  238.762234  0.527587  273.301145  0.701835  433.486472  0.716517   654.853879   0.0   5.760316e-58   4.969236e+01   4.930341e+02   4.999998e+02
72    360.0  0.251  238.036513  0.251000  238.036513  0.518017  271.475702  0.700541  426.057973  0.716084   647.637049   0.0   3.409334e-64   3.901105e+01   4.908154e+02   4.999996e+02
73    365.0  0.251  237.310792  0.251000  237.310792  0.509220  269.756481  0.699135  418.644746  0.715650   640.409608   0.0   1.994951e-70   3.014071e+01   4.880358e+02   4.999994e+02
74    370.0  0.251  236.585071  0.251000  236.585071  0.501376  268.126365  0.697602  411.255767  0.715215   633.171546   0.0   1.157531e-76   2.291746e+01   4.845989e+02   4.999989e+02
75    375.0  0.251  235.859350  0.251000  235.859350  0.494601  266.569447  0.695928  403.901708  0.714778   625.922842   0.0   6.690180e-83   1.715067e+01   4.804034e+02   4.999982e+02
76    380.0  0.251  235.133629  0.251000  235.133629  0.488933  265.071383  0.694094  396.595034  0.714338   618.663469   0.0   3.870040e-89   1.263625e+01   4.753462e+02   4.999972e+02
77    385.0  0.251  234.407908  0.251000  234.407908  0.484336  263.619635  0.692082  389.350047  0.713896   611.393385   0.0   2.248981e-95   9.169560e+00   4.693260e+02   4.999955e+02
78    390.0  0.251  233.682187  0.251000  233.682187  0.480716  262.203574  0.689872  382.182875  0.713449   604.112539   0.0  1.315340e-101   6.556506e+00   4.622464e+02   4.999928e+02
79    395.0  0.251  232.956466  0.251000  232.956466  0.477941  260.814450  0.687440  375.111404  0.712998   596.820869   0.0  7.739972e-108   4.621670e+00   4.540210e+02   4.999888e+02
80    400.0  0.251  232.230745  0.251000  232.230745  0.475866  259.445262  0.684760  368.155130  0.712542   589.518304   0.0  4.573496e-114   3.213138e+00   4.445769e+02   4.999827e+02
81    405.0  0.251  231.505023  0.251000  231.505023  0.474346  258.090557  0.681803  361.334948  0.712079   582.204764   0.0  2.706503e-120   2.204176e+00   4.338594e+02   4.999737e+02
82    410.0  0.251  230.779302  0.251000  230.779302  0.473255  256.746188  0.678536  354.672875  0.711608   574.880161   0.0  1.600083e-126   1.492479e+00   4.218352e+02   4.999603e+02
83    415.0  0.251  230.053581  0.251000  230.053581  0.472483  255.409071  0.674918  348.191701  0.711127   567.544410   0.0  9.434554e-133   9.978116e-01   4.084964e+02   4.999408e+02
84    420.0  0.251  229.327860  0.251000  229.327860  0.471945  254.076957  0.670905  341.914610  0.710637   560.197428   0.0  5.544646e-139   6.588354e-01   3.938621e+02   4.999126e+02
85    425.0  0.251  228.602139  0.251000  228.602139  0.471573  252.748239  0.666446  335.864756  0.710133   552.839146   0.0  3.249029e-145   4.297168e-01   3.779800e+02   4.998726e+02
86    430.0  0.251  227.876418  0.251000  227.876418  0.471318  251.421786  0.661480  330.064855  0.709615   545.469524   0.0  1.900268e-151   2.769089e-01   3.609263e+02   4.998162e+02
87    435.0  0.251  227.150697  0.251000  227.150697  0.471142  250.096817  0.655954  324.536855  0.709080   538.088565   0.0  1.110806e-157   1.763189e-01   3.428051e+02   4.997376e+02
88    440.0  0.251  226.424976  0.251000  226.424976  0.471021  248.772798  0.649876  319.301996  0.708526   530.696337   0.0  6.497686e-164   1.109472e-01   3.237471e+02   4.996293e+02
89    445.0  0.251  225.699255  0.251000  225.699255  0.470935  247.449372  0.643654  314.382612  0.707949   523.293002   0.0  3.806550e-170   6.899665e-02   3.039137e+02   4.994818e+02
90    450.0  0.251  224.973534  0.251000  224.973534  0.470873  246.126301  0.638304  309.748072  0.707346   515.878850   0.0  2.233937e-176   4.240989e-02   2.835211e+02   4.992831e+02
91    455.0  0.251  224.247813  0.251000  224.247813  0.470826  244.803431  0.632669  305.347454  0.706715   508.454342   0.0  1.312999e-182   2.576686e-02   2.627896e+02   4.990180e+02
92    460.0  0.251  223.522092  0.251000  223.522092  0.470788  243.480661  0.626542  301.174409  0.706050   501.020161   0.0  7.724142e-189   1.547513e-02   2.419292e+02   4.986684e+02
93    465.0  0.251  222.796371  0.251000  222.796371  0.470756  242.157927  0.619901  297.232023  0.705347   493.577272   0.0  4.544824e-195   9.187671e-03   2.211529e+02   4.982119e+02
94    470.0  0.251  222.070649  0.251000  222.070649  0.470727  240.835189  0.612720  293.521167  0.704602   486.126986   0.0  2.673001e-201   5.392517e-03   2.006699e+02   4.976221e+02
95    475.0  0.251  221.344928  0.251000  221.344928  0.470701  239.512420  0.604977  290.040503  0.703809   478.671044   0.0  1.570856e-207   3.129001e-03   1.806805e+02   4.968677e+02
96    480.0  0.251  220.619207  0.251000  220.619207  0.470676  238.189606  0.596656  286.786554  0.702962   471.211694   0.0  9.223483e-214   1.794973e-03   1.613705e+02   4.959127e+02
97    485.0  0.251  219.893486  0.251000  219.893486  0.470651  236.866734  0.587752  283.753825  0.702055   463.751788   0.0  5.411899e-220   1.018016e-03   1.429069e+02   4.947157e+02
98    490.0  0.251  219.167765  0.251000  219.167765  0.470626  235.543800  0.578282  280.934997  0.701082   456.294872   0.0  3.174265e-226   5.708185e-04   1.254344e+02   4.932302e+02
99    495.0  0.251  218.442044  0.251000  218.442044  0.470601  234.220798  0.568423  278.321445  0.700034   448.845282   0.0  1.861808e-232   3.164367e-04   1.090748e+02   4.914046e+02
100   500.0  0.251  217.716323  0.251000  217.716323  0.470576  232.897726  0.559284  275.895684  0.698904   441.408242   0.0  1.092335e-238   1.734259e-04   9.393933e+01   4.891826e+02
101   505.0  0.251  216.990602  0.251000  216.990602  0.470550  231.574582  0.550772  273.627344  0.697682   433.989950   0.0  6.411785e-245   9.396525e-05   8.012516e+01   4.865039e+02
102   510.0  0.251  216.264881  0.251000  216.264881  0.470524  230.251362  0.542264  271.493155  0.696361   426.597656   0.0  3.765408e-251   5.033007e-05   6.766367e+01   4.833050e+02
103   515.0  0.251  215.539160  0.251000  215.539160  0.470498  228.928066  0.533884  269.481247  0.694929   419.239726   0.0  2.212116e-257   2.664821e-05   5.655662e+01   4.795204e+02
104   520.0  0.251  214.813439  0.251000  214.813439  0.470471  227.604692  0.525767  267.579479  0.693376   411.925689   0.0  1.299835e-263   1.394610e-05   4.677873e+01   4.750840e+02
105   525.0  0.251  214.087718  0.251000  214.087718  0.470444  226.281239  0.518048  265.775686  0.691689   404.666255   0.0  7.637850e-270   7.213322e-06   3.827985e+01   4.699306e+02
106   530.0  0.251  213.361997  0.251000  213.361997  0.470416  224.957704  0.510849  264.057908  0.689855   397.473313   0.0  4.487381e-276   3.686849e-06   3.098831e+01   4.639981e+02
107   535.0  0.251  212.636275  0.251000  212.636275  0.470387  223.634087  0.504270  262.414620  0.687861   390.359892   0.0  2.635857e-282   1.861817e-06   2.481495e+01   4.572290e+02
108   540.0  0.251  211.910554  0.251000  211.910554  0.470358  222.310385  0.498386  260.834935  0.685689   383.340090   0.0  1.547960e-288   9.287194e-07   1.965771e+01   4.495728e+02
109   545.0  0.251  211.184833  0.251000  211.184833  0.470329  220.986598  0.493237  259.308778  0.683322   376.428976   0.0  9.089396e-295   4.574863e-07   1.540651e+01   4.409881e+02
110   550.0  0.251  210.459112  0.251000  210.459112  0.470298  219.662722  0.488827  257.827019  0.680740   369.642448   0.0  5.336906e-301   2.224676e-07   1.194822e+01   4.314442e+02
111   555.0  0.251  209.733391  0.251000  209.733391  0.470267  218.338758  0.485128  256.381554  0.677921   362.997068   0.0  3.133755e-307   1.067481e-07   9.171166e+00   4.209230e+02
112   560.0  0.251  209.007670  0.251000  209.007670  0.470235  217.014701  0.482087  254.965337  0.674840   356.509867   0.0  1.840315e-313   5.051463e-08   6.969094e+00   4.094206e+02
113   565.0  0.251  208.281949  0.251000  208.281949  0.470202  215.690549  0.479633  253.572362  0.671467   350.198122   0.0  1.080818e-319   2.355746e-08   5.244099e+00   3.969482e+02
114   570.0  0.251  207.556228  0.251000  207.556228  0.470167  214.366298  0.477687  252.197614  0.667769   344.079125   0.0   0.000000e+00   1.081667e-08   3.908578e+00   3.835330e+02
115   575.0  0.251  206.830507  0.251000  206.830507  0.470128  213.041938  0.476168  250.836974  0.663709   338.169942   0.0   0.000000e+00   4.884114e-09   2.886188e+00   3.692180e+02
116   580.0  0.251  206.104786  0.251000  206.104786  0.470079  211.717448  0.474999  249.487122  0.659243   332.487187   0.0   0.000000e+00   2.165208e-09   2.111946e+00   3.540622e+02
117   585.0  0.251  205.379065  0.251000  205.379065  0.470008  210.392782  0.474112  248.145421  0.654337   327.046871   0.0   0.000000e+00   9.403017e-10   1.531715e+00   3.381394e+02
118   590.0  0.251  204.653344  0.251000  204.653344  0.469880  209.067821  0.473446  246.809811  0.649005   321.864547   0.0   0.000000e+00   3.987722e-10   1.101241e+00   3.215381e+02
119   595.0  0.251  203.927623  0.251000  203.927623  0.469611  207.742273  0.472951  245.478700  0.643578   316.956839   0.0   0.000000e+00   1.643928e-10   7.849808e-01   3.043648e+02
120   600.0  0.251  203.201901  0.251000  203.201901  0.468985  206.415410  0.472587  244.150878  0.638972   312.298694   0.0   0.000000e+00   6.542051e-11   5.548311e-01   2.867620e+02
121   605.0  0.251  202.476180  0.251000  202.476180  0.467448  205.085416  0.472320  242.825434  0.634232   307.845586   0.0   0.000000e+00   2.485162e-11   3.888953e-01   2.688758e+02
122   610.0  0.251  201.750459  0.251000  201.750459  0.463511  203.747847  0.472127  241.501691  0.629127   303.588748   0.0   0.000000e+00   8.838548e-12   2.703417e-01   2.508410e+02
123   615.0  0.251  201.024738  0.251000  201.024738  0.452825  202.392791  0.471987  240.179151  0.623645   299.531094   0.0   0.000000e+00   2.833632e-12   1.863952e-01   2.327958e+02
124   620.0  0.251  200.299017  0.251000  200.299017  0.420673  201.014393  0.471885  238.857450  0.617768   295.674127   0.0   0.000000e+00   7.459956e-13   1.274753e-01   2.148781e+02
125   625.0  0.251  199.573296  0.251000  199.573296  0.331011  199.775525  0.471811  237.536326  0.611480   292.017905   0.0   0.000000e+00   1.114627e-13   8.647922e-02   1.972224e+02
126   630.0  0.251  198.847575  0.251000  198.847575  0.256621  198.858111  0.471757  236.215594  0.604770   288.561056   0.0   0.000000e+00   1.510669e-15   5.819887e-02   1.799576e+02
127   635.0  0.251  198.121854  0.251000  198.121854  0.251013  198.121876  0.471716  234.895121  0.597625   285.300826   0.0   0.000000e+00   3.958255e-20   3.885567e-02   1.632039e+02
128   640.0  0.251  197.396133  0.251000  197.396133  0.251000  197.396133  0.471686  233.574814  0.590041   282.233142   0.0   0.000000e+00   2.270595e-26   2.573654e-02   1.470712e+02
129   645.0  0.251  196.670412  0.251000  196.670412  0.251000  196.670412  0.471661  232.254608  0.582019   279.352705   0.0   0.000000e+00   1.263220e-32   1.691293e-02   1.316568e+02
130   650.0  0.251  195.944691  0.251000  195.944691  0.251000  195.944691  0.471641  230.934461  0.573599   276.653167   0.0   0.000000e+00   7.087700e-39   1.102751e-02   1.170445e+02
131   655.0  0.251  195.218970  0.251000  195.218970  0.251000  195.218970  0.471624  229.614341  0.565082   274.127826   0.0   0.000000e+00   4.046171e-45   7.134136e-03   1.033066e+02
132   660.0  0.251  194.493249  0.251000  194.493249  0.251000  194.493249  0.471610  228.294227  0.557552   271.756422   0.0   0.000000e+00   2.355782e-51   4.579581e-03   9.051892e+01
133   665.0  0.251  193.767527  0.251000  193.767527  0.251000  193.767527  0.471596  226.974106  0.550183   269.513417   0.0   0.000000e+00   1.393353e-57   2.917059e-03   7.873233e+01
134   670.0  0.251  193.041806  0.251000  193.041806  0.251000  193.041806  0.471583  225.653969  0.542821   267.385828   0.0   0.000000e+00   8.307403e-64   1.843800e-03   6.796380e+01
135   675.0  0.251  192.316085  0.251000  192.316085  0.251000  192.316085  0.471571  224.333809  0.535554   265.364714   0.0   0.000000e+00   4.952347e-70   1.156500e-03   5.821461e+01
136   680.0  0.251  191.590364  0.251000  191.590364  0.251000  191.590364  0.471559  223.013622  0.528468   263.440952   0.0   0.000000e+00   2.933871e-76   7.198685e-04   4.947020e+01
137   685.0  0.251  190.864643  0.251000  190.864643  0.251000  190.864643  0.471547  221.693404  0.521647   261.605361   0.0   0.000000e+00   1.721931e-82   4.446824e-04   4.170166e+01
138   690.0  0.251  190.138922  0.251000  190.138922  0.251000  190.138922  0.471535  220.373155  0.515175   259.848843   0.0   0.000000e+00   1.001129e-88   2.726140e-04   3.486724e+01
139   695.0  0.251  189.413201  0.251000  189.413201  0.251000  189.413201  0.471523  219.052873  0.509127   258.162518   0.0   0.000000e+00   5.778703e-95   1.658669e-04   2.891420e+01
140   700.0  0.251  188.687480  0.251000  188.687480  0.251000  188.687480  0.471511  217.732557  0.503565   256.537851   0.0   0.000000e+00  3.323559e-101   1.001605e-04   2.378089e+01
141   705.0  0.251  187.961759  0.251000  187.961759  0.251000  187.961759  0.471499  216.412205  0.498531   254.966766   0.0   0.000000e+00  1.912064e-107   6.003011e-05   1.939910e+01
142   710.0  0.251  187.236038  0.251000  187.236038  0.251000  187.236038  0.471487  215.091818  0.494050   253.441731   0.0   0.000000e+00  1.103808e-113   3.570987e-05   1.569648e+01
143   715.0  0.251  186.510317  0.251000  186.510317  0.251000  186.510317  0.471474  213.771394  0.490127   251.955840   0.0   0.000000e+00  6.404617e-120   2.108453e-05   1.259904e+01
144   720.0  0.251  185.784596  0.251000  185.784596  0.251000  185.784596  0.471462  212.450934  0.486746   250.502858   0.0   0.000000e+00  3.734848e-126   1.235677e-05   1.003333e+01
145   725.0  0.251  185.058875  0.251000  185.058875  0.251000  185.058875  0.471450  211.130437  0.483878   249.077241   0.0   0.000000e+00  2.185796e-132   7.188210e-06   7.928521e+00
146   730.0  0.251  184.333153  0.251000  184.333153  0.251000  184.333153  0.471437  209.809902  0.481480   247.674138   0.0   0.000000e+00  1.281106e-138   4.150674e-06   6.217990e+00
147   735.0  0.251  183.607432  0.251000  183.607432  0.251000  183.607432  0.471424  208.489329  0.479502   246.289367   0.0   0.000000e+00  7.504233e-145   2.379063e-06   4.840503e+00
148   740.0  0.251  182.881711  0.251000  182.881711  0.251000  182.881711  0.471411  207.168718  0.477892   244.919373   0.0   0.000000e+00  4.386714e-151   1.353595e-06   3.740966e+00
149   745.0  0.251  182.155990  0.251000  182.155990  0.251000  182.155990  0.471398  205.848068  0.476598   243.561178   0.0   0.000000e+00  2.557500e-157   7.644916e-07   2.870752e+00
150   750.0  0.251  181.430269  0.251000  181.430269  0.251000  181.430269  0.471385  204.527378  0.475568   242.212314   0.0   0.000000e+00  1.487381e-163   4.286096e-07   2.187695e+00
151   755.0  0.251  180.704548  0.251000  180.704548  0.251000  180.704548  0.471371  203.206649  0.474757   240.870765   0.0   0.000000e+00  8.635863e-170   2.385392e-07   1.655814e+00
152   760.0  0.251  179.978827  0.251000  179.978827  0.251000  179.978827  0.471358  201.885879  0.474124   239.534902   0.0   0.000000e+00  5.011120e-176   1.317856e-07   1.244853e+00
153   765.0  0.251  179.253106  0.251000  179.253106  0.251000  179.253106  0.471344  200.565069  0.473635   238.203420   0.0   0.000000e+00  2.909075e-182   7.227488e-08   9.297119e-01
154   770.0  0.251  178.527385  0.251000  178.527385  0.251000  178.527385  0.471330  199.244218  0.473259   236.875287   0.0   0.000000e+00  1.690735e-188   3.934750e-08   6.898258e-01
155   775.0  0.251  177.801664  0.251000  177.801664  0.251000  177.801664  0.471316  197.923324  0.472973   235.549694   0.0   0.000000e+00  9.840403e-195   2.126447e-08   5.085371e-01
156   780.0  0.251  177.075943  0.251000  177.075943  0.251000  177.075943  0.471302  196.602389  0.472756   234.226011   0.0   0.000000e+00  5.734506e-201   1.140763e-08   3.724993e-01
157   785.0  0.251  176.350222  0.251000  176.350222  0.251000  176.350222  0.471287  195.281411  0.472592   232.903753   0.0   0.000000e+00  3.344435e-207   6.074820e-09   2.711263e-01
158   790.0  0.251  175.624501  0.251000  175.624501  0.251000  175.624501  0.471273  193.960390  0.472470   231.582549   0.0   0.000000e+00  1.950927e-213   3.211141e-09   1.961020e-01
159   795.0  0.251  174.898779  0.251000  174.898779  0.251000  174.898779  0.471258  192.639325  0.472377   230.262119   0.0   0.000000e+00  1.137697e-219   1.684853e-09   1.409532e-01
160   800.0  0.251  174.173058  0.251000  174.173058  0.251000  174.173058  0.471243  191.318216  0.472308   228.942250   0.0   0.000000e+00  6.630362e-226   8.774595e-10   1.006855e-01
161   805.0  0.251  173.447337  0.251000  173.447337  0.251000  173.447337  0.471228  189.997062  0.472257   227.622785   0.0   0.000000e+00  3.861286e-232   4.535618e-10   7.147798e-02
162   810.0  0.251  172.721616  0.251000  172.721616  0.251000  172.721616  0.471213  188.675863  0.472217   226.303607   0.0   0.000000e+00  2.247306e-238   2.326850e-10   5.043185e-02
163   815.0  0.251  171.995895  0.251000  171.995895  0.251000  171.995895  0.471197  187.354618  0.472187   224.984629   0.0   0.000000e+00  1.307494e-244   1.184668e-10   3.536530e-02
164   820.0  0.251  171.270174  0.251000  171.270174  0.251000  171.270174  0.471181  186.033327  0.472164   223.665788   0.0   0.000000e+00  7.606678e-251   5.985348e-11   2.464912e-02
165   825.0  0.251  170.544453  0.251000  170.544453  0.251000  170.544453  0.471165  184.711988  0.472146   222.347039   0.0   0.000000e+00  4.426282e-257   3.000606e-11   1.707609e-02
166   830.0  0.251  169.818732  0.251000  169.818732  0.251000  169.818732  0.471149  183.390602  0.472131   221.028349   0.0   0.000000e+00  2.576549e-263   1.492487e-11   1.175843e-02
167   835.0  0.251  169.093011  0.251000  169.093011  0.251000  169.093011  0.471133  182.069168  0.472119   219.709694   0.0   0.000000e+00  1.500396e-269   7.364445e-12   8.048117e-03
168   840.0  0.251  168.367290  0.251000  168.367290  0.251000  168.367290  0.471116  180.747684  0.472108   218.391057   0.0   0.000000e+00  8.739922e-276   3.604408e-12   5.475627e-03
169   845.0  0.251  167.641569  0.251000  167.641569  0.251000  167.641569  0.471099  179.426151  0.472099   217.072426   0.0   0.000000e+00  5.091923e-282   1.749508e-12   3.703207e-03
170   850.0  0.251  166.915848  0.251000  166.915848  0.251000  166.915848  0.471082  178.104568  0.472090   215.753793   0.0   0.000000e+00  2.966612e-288   8.419667e-13   2.489640e-03
171   855.0  0.251  166.190127  0.251000  166.190127  0.251000  166.190127  0.471065  176.782934  0.472082   214.435153   0.0   0.000000e+00  1.728183e-294   4.016624e-13   1.663869e-03
172   860.0  0.251  165.464405  0.251000  165.464405  0.251000  165.464405  0.471048  175.461249  0.472074   213.116499   0.0   0.000000e+00  1.006559e-300   1.898813e-13   1.105441e-03
173   865.0  0.251  164.738684  0.251000  164.738684  0.251000  164.738684  0.471030  174.139510  0.472067   211.797831   0.0   0.000000e+00  5.861479e-307   8.891957e-14   7.301217e-04
174   870.0  0.251  164.012963  0.251000  164.012963  0.251000  164.012963  0.471012  172.817719  0.472059   210.479146   0.0   0.000000e+00  3.412828e-313   4.122956e-14   4.794105e-04
175   875.0  0.251  163.287242  0.251000  163.287242  0.251000  163.287242  0.470993  171.495873  0.472052   209.160442   0.0   0.000000e+00  1.986687e-319   1.891785e-14   3.129550e-04
176   880.0  0.251  162.561521  0.251000  162.561521  0.251000  162.561521  0.470974  170.173971  0.472045   207.841719   0.0   0.000000e+00   0.000000e+00   8.583807e-15   2.031081e-04
177   885.0  0.251  161.835800  0.251000  161.835800  0.251000  161.835800  0.470953  168.852010  0.472037   206.522975   0.0   0.000000e+00   0.000000e+00   3.848078e-15   1.310548e-04
178   890.0  0.251  161.110079  0.251000  161.110079  0.251000  161.110079  0.470929  167.529982  0.472030   205.204210   0.0   0.000000e+00   0.000000e+00   1.702396e-15   8.407517e-05
179   895.0  0.251  160.384358  0.251000  160.384358  0.251000  160.384358  0.470898  166.207872  0.472023   203.885425   0.0   0.000000e+00   0.000000e+00   7.421088e-16   5.362665e-05
180   900.0  0.251  159.658637  0.251000  159.658637  0.251000  159.658637  0.470849  164.885642  0.472016   202.566617   0.0   0.000000e+00   0.000000e+00   3.181068e-16   3.400952e-05
181   905.0  0.251  158.932916  0.251000  158.932916  0.251000  158.932916  0.470756  163.563198  0.472008   201.247788   0.0   0.000000e+00   0.000000e+00   1.337030e-16   2.144548e-05
182   910.0  0.251  158.207195  0.251000  158.207195  0.251000  158.207195  0.470555  162.240314  0.472001   199.928937   0.0   0.000000e+00   0.000000e+00   5.487890e-17   1.344606e-05
183   915.0  0.251  157.481474  0.251000  157.481474  0.251000  157.481474  0.470087  160.916428  0.471993   198.610063   0.0   0.000000e+00   0.000000e+00   2.186435e-17   8.382749e-06
184   920.0  0.251  156.755753  0.251000  156.755753  0.251000  156.755753  0.468950  159.590164  0.471986   197.291167   0.0   0.000000e+00   0.000000e+00   8.375765e-18   5.196591e-06
185   925.0  0.251  156.030031  0.251000  156.030031  0.251000  156.030031  0.466099  158.258176  0.471978   195.972249   0.0   0.000000e+00   0.000000e+00   3.036711e-18   3.203313e-06
186   930.0  0.251  155.304310  0.251000  155.304310  0.251000  155.304310  0.458637  156.912683  0.471971   194.653307   0.0   0.000000e+00   0.000000e+00   1.012061e-18   1.963526e-06
187   935.0  0.251  154.578589  0.251000  154.578589  0.251000  154.578589  0.437338  155.541159  0.471963   193.334342   0.0   0.000000e+00   0.000000e+00   2.907306e-19   1.196846e-06
188   940.0  0.251  153.852868  0.251000  153.852868  0.251000  153.852868  0.371801  154.210574  0.471955   192.015354   0.0   0.000000e+00   0.000000e+00   5.849907e-20   7.254567e-07
189   945.0  0.251  153.127147  0.251000  153.127147  0.251000  153.127147  0.271936  153.169486  0.471947   190.696343   0.0   0.000000e+00   0.000000e+00   2.830435e-21   4.372845e-07
190   950.0  0.251  152.401426  0.251000  152.401426  0.251000  152.401426  0.251186  152.401750  0.471940   189.377308   0.0   0.000000e+00   0.000000e+00   1.158061e-24   2.621217e-07
191   955.0  0.251  151.675705  0.251000  151.675705  0.251000  151.675705  0.251000  151.675705  0.471932   188.058250   0.0   0.000000e+00   0.000000e+00   1.000370e-30   1.562555e-07
192   960.0  0.251  150.949984  0.251000  150.949984  0.251000  150.949984  0.251000  150.949984  0.471924   186.739167   0.0   0.000000e+00   0.000000e+00   6.042793e-37   9.263344e-08
193   965.0  0.251  150.224263  0.251000  150.224263  0.251000  150.224263  0.251000  150.224263  0.471916   185.420060   0.0   0.000000e+00   0.000000e+00   3.572161e-43   5.461436e-08
194   970.0  0.251  149.498542  0.251000  149.498542  0.251000  149.498542  0.251000  149.498542  0.471907   184.100929   0.0   0.000000e+00   0.000000e+00   2.067310e-49   3.202277e-08
195   975.0  0.251  148.772821  0.251000  148.772821  0.251000  148.772821  0.251000  148.772821  0.471899   182.781773   0.0   0.000000e+00   0.000000e+00   1.177081e-55   1.867368e-08
196   980.0  0.251  148.047100  0.251000  148.047100  0.251000  148.047100  0.251000  148.047100  0.471891   181.462592   0.0   0.000000e+00   0.000000e+00   6.645689e-62   1.082993e-08
197   985.0  0.251  147.321379  0.251000  147.321379  0.251000  147.321379  0.251000  147.321379  0.471883   180.143387   0.0   0.000000e+00   0.000000e+00   3.753062e-68   6.246717e-09
198   990.0  0.251  146.595657  0.251000  146.595657  0.251000  146.595657  0.251000  146.595657  0.471874   178.824156   0.0   0.000000e+00   0.000000e+00   2.135658e-74   3.583549e-09
199   995.0  0.251  145.869936  0.251000  145.869936  0.251000  145.869936  0.251000  145.869936  0.471866   177.504900   0.0   0.000000e+00   0.000000e+00   1.229537e-80   2.044632e-09
200  1000.0  0.251  145.144215  0.251000  145.144215  0.251000  145.144215  0.251000  145.144215  0.471857   176.185618   0.0   0.000000e+00   0.000000e+00   7.161584e-87   1.160277e-09
201  1005.0  0.251  144.418494  0.251000  144.418494  0.251000  144.418494  0.251000  144.418494  0.471849   174.866310   0.0   0.000000e+00   0.000000e+00   4.206003e-93   6.548734e-10
202  1010.0  0.251  143.692773  0.251000  143.692773  0.251000  143.692773  0.251000  143.692773  0.471840   173.546977   0.0   0.000000e+00   0.000000e+00   2.478367e-99   3.676256e-10
203  1015.0  0.251  142.967052  0.251000  142.967052  0.251000  142.967052  0.251000  142.967052  0.471831   172.227617   0.0   0.000000e+00   0.000000e+00  1.458286e-105   2.052628e-10
204  1020.0  0.251  142.241331  0.251000  142.241331  0.251000  142.241331  0.251000  142.241331  0.471822   170.908231   0.0   0.000000e+00   0.000000e+00  8.540437e-112   1.139919e-10
205  1025.0  0.251  141.515610  0.251000  141.515610  0.251000  141.515610  0.251000  141.515610  0.471813   169.588817   0.0   0.000000e+00   0.000000e+00  4.971567e-118   6.296499e-11
206  1030.0  0.251  140.789889  0.251000  140.789889  0.251000  140.789889  0.251000  140.789889  0.471804   168.269377   0.0   0.000000e+00   0.000000e+00  2.877930e-124   3.459297e-11
207  1035.0  0.251  140.064168  0.251000  140.064168  0.251000  140.064168  0.251000  140.064168  0.471795   166.949910   0.0   0.000000e+00   0.000000e+00  1.659630e-130   1.890346e-11
208  1040.0  0.251  139.338447  0.251000  139.338447  0.251000  139.338447  0.251000  139.338447  0.471786   165.630416   0.0   0.000000e+00   0.000000e+00  9.557289e-137   1.027450e-11
209  1045.0  0.251  138.612726  0.251000  138.612726  0.251000  138.612726  0.251000  138.612726  0.471777   164.310893   0.0   0.000000e+00   0.000000e+00  5.508905e-143   5.554510e-12
210  1050.0  0.251  137.887005  0.251000  137.887005  0.251000  137.887005  0.251000  137.887005  0.471767   162.991343   0.0   0.000000e+00   0.000000e+00  3.183634e-149   2.986731e-12
211  1055.0  0.251  137.161283  0.251000  137.161283  0.251000  137.161283  0.251000  137.161283  0.471758   161.671765   0.0   0.000000e+00   0.000000e+00  1.845818e-155   1.597388e-12
212  1060.0  0.251  136.435562  0.251000  136.435562  0.251000  136.435562  0.251000  136.435562  0.471748   160.352158   0.0   0.000000e+00   0.000000e+00  1.073261e-161   8.497410e-13
213  1065.0  0.251  135.709841  0.251000  135.709841  0.251000  135.709841  0.251000  135.709841  0.471739   159.032522   0.0   0.000000e+00   0.000000e+00  6.251853e-168   4.495950e-13
214  1070.0  0.251  134.984120  0.251000  134.984120  0.251000  134.984120  0.251000  134.984120  0.471729   157.712858   0.0   0.000000e+00   0.000000e+00  3.643501e-174   2.365979e-13
215  1075.0  0.251  134.258399  0.251000  134.258399  0.251000  134.258399  0.251000  134.258399  0.471719   156.393165   0.0   0.000000e+00   0.000000e+00  2.121886e-180   1.238368e-13
216  1080.0  0.251  133.532678  0.251000  133.532678  0.251000  133.532678  0.251000  133.532678  0.471710   155.073442   0.0   0.000000e+00   0.000000e+00  1.233937e-186   6.446613e-14
217  1085.0  0.251  132.806957  0.251000  132.806957  0.251000  132.806957  0.251000  132.806957  0.471700   153.753689   0.0   0.000000e+00   0.000000e+00  7.163719e-193   3.337710e-14
218  1090.0  0.251  132.081236  0.251000  132.081236  0.251000  132.081236  0.251000  132.081236  0.471690   152.433906   0.0   0.000000e+00   0.000000e+00  4.153122e-199   1.718665e-14
219  1095.0  0.251  131.355515  0.251000  131.355515  0.251000  131.355515  0.251000  131.355515  0.471679   151.114093   0.0   0.000000e+00   0.000000e+00  2.405766e-205   8.801335e-15
220  1100.0  0.251  130.629794  0.251000  130.629794  0.251000  130.629794  0.251000  130.629794  0.471669   149.794250   0.0   0.000000e+00   0.000000e+00  1.393387e-211   4.482368e-15
221  1105.0  0.251  129.904073  0.251000  129.904073  0.251000  129.904073  0.251000  129.904073  0.471659   148.474375   0.0   0.000000e+00   0.000000e+00  8.073924e-218   2.270141e-15
222  1110.0  0.251  129.178352  0.251000  129.178352  0.251000  129.178352  0.251000  129.178352  0.471648   147.154470   0.0   0.000000e+00   0.000000e+00  4.682160e-224   1.143318e-15
223  1115.0  0.251  128.452631  0.251000  128.452631  0.251000  128.452631  0.251000  128.452631  0.471638   145.834533   0.0   0.000000e+00   0.000000e+00  2.717612e-230   5.725712e-16
224  1120.0  0.251  127.726909  0.251000  127.726909  0.251000  127.726909  0.251000  127.726909  0.471627   144.514564   0.0   0.000000e+00   0.000000e+00  1.578456e-236   2.851127e-16
225  1125.0  0.251  127.001188  0.251000  127.001188  0.251000  127.001188  0.251000  127.001188  0.471616   143.194563   0.0   0.000000e+00   0.000000e+00  9.171493e-243   1.411565e-16
226  1130.0  0.251  126.275467  0.251000  126.275467  0.251000  126.275467  0.251000  126.275467  0.471605   141.874530   0.0   0.000000e+00   0.000000e+00  5.329110e-249   6.947854e-17
227  1135.0  0.251  125.549746  0.251000  125.549746  0.251000  125.549746  0.251000  125.549746  0.471595   140.554464   0.0   0.000000e+00   0.000000e+00  3.095643e-255   3.399615e-17
228  1140.0  0.251  124.824025  0.251000  124.824025  0.251000  124.824025  0.251000  124.824025  0.471583   139.234365   0.0   0.000000e+00   0.000000e+00  1.797464e-261   1.653467e-17
229  1145.0  0.251  124.098304  0.251000  124.098304  0.251000  124.098304  0.251000  124.098304  0.471572   137.914233   0.0   0.000000e+00   0.000000e+00  1.043224e-267   7.992805e-18
230  1150.0  0.251  123.372583  0.251000  123.372583  0.251000  123.372583  0.251000  123.372583  0.471561   136.594067   0.0   0.000000e+00   0.000000e+00  6.052709e-274   3.839579e-18
231  1155.0  0.251  122.646862  0.251000  122.646862  0.251000  122.646862  0.251000  122.646862  0.471549   135.273866   0.0   0.000000e+00   0.000000e+00  3.511183e-280   1.832662e-18
232  1160.0  0.251  121.921141  0.251000  121.921141  0.251000  121.921141  0.251000  121.921141  0.471538   133.953632   0.0   0.000000e+00   0.000000e+00  2.036892e-286   8.689954e-19
233  1165.0  0.251  121.195420  0.251000  121.195420  0.251000  121.195420  0.251000  121.195420  0.471526   132.633363   0.0   0.000000e+00   0.000000e+00  1.181829e-292   4.092580e-19
234  1170.0  0.251  120.469699  0.251000  120.469699  0.251000  120.469699  0.251000  120.469699  0.471514   131.313059   0.0   0.000000e+00   0.000000e+00  6.858737e-299   1.913873e-19
235  1175.0  0.251  119.743978  0.251000  119.743978  0.251000  119.743978  0.251000  119.743978  0.471502   129.992719   0.0   0.000000e+00   0.000000e+00  3.981380e-305   8.884555e-20
236  1180.0  0.251  119.018257  0.251000  119.018257  0.251000  119.018257  0.251000  119.018257  0.471490   128.672343   0.0   0.000000e+00   0.000000e+00  2.311505e-311   4.092698e-20
237  1185.0  0.251  118.292536  0.251000  118.292536  0.251000  118.292536  0.251000  118.292536  0.471478   127.351931   0.0   0.000000e+00   0.000000e+00  1.342103e-317   1.870023e-20
238  1190.0  0.251  117.566814  0.251000  117.566814  0.251000  117.566814  0.251000  117.566814  0.471466   126.031482   0.0   0.000000e+00   0.000000e+00   0.000000e+00   8.470660e-21
239  1195.0  0.251  116.841093  0.251000  116.841093  0.251000  116.841093  0.251000  116.841093  0.471452   124.710994   0.0   0.000000e+00   0.000000e+00   0.000000e+00   3.801328e-21
240  1200.0  0.251  116.115372  0.251000  116.115372  0.251000  116.115372  0.251000  116.115372  0.471438   123.390466   0.0   0.000000e+00   0.000000e+00   0.000000e+00   1.688664e-21
241  1205.0  0.251  115.389651  0.251000  115.389651  0.251000  115.389651  0.251000  115.389651  0.471422   122.069893   0.0   0.000000e+00   0.000000e+00   0.000000e+00   7.417960e-22
242  1210.0  0.251  114.663930  0.251000  114.663930  0.251000  114.663930  0.251000  114.663930  0.471401   120.749263   0.0   0.000000e+00   0.000000e+00   0.000000e+00   3.217850e-22
243  1215.0  0.251  113.938209  0.251000  113.938209  0.251000  113.938209  0.251000  113.938209  0.471367   119.428550   0.0   0.000000e+00   0.000000e+00   0.000000e+00   1.375940e-22
244  1220.0  0.251  113.212488  0.251000  113.212488  0.251000  113.212488  0.251000  113.212488  0.471303   118.107688   0.0   0.000000e+00   0.000000e+00   0.000000e+00   5.785117e-23
245  1225.0  0.251  112.486767  0.251000  112.486767  0.251000  112.486767  0.251000  112.486767  0.471165   116.786519   0.0   0.000000e+00   0.000000e+00   0.000000e+00   2.383403e-23
246  1230.0  0.251  111.761046  0.251000  111.761046  0.251000  111.761046  0.251000  111.761046  0.470845   115.464657   0.0   0.000000e+00   0.000000e+00   0.000000e+00   9.573318e-24
247  1235.0  0.251  111.035325  0.251000  111.035325  0.251000  111.035325  0.251000  111.035325  0.470079   114.141163   0.0   0.000000e+00   0.000000e+00   0.000000e+00   3.720233e-24
248  1240.0  0.251  110.309604  0.251000  110.309604  0.251000  110.309604  0.251000  110.309604  0.468194   112.813760   0.0   0.000000e+00   0.000000e+00   0.000000e+00   1.381482e-24
249  1245.0  0.251  109.583883  0.251000  109.583883  0.251000  109.583883  0.251000  109.583883  0.463408   111.477040   0.0   0.000000e+00   0.000000e+00   0.000000e+00   4.797347e-25
250  1250.0  0.251  108.858162  0.251000  108.858162  0.251000  108.858162  0.251000  108.858162  0.450466   110.119624   0.0   0.000000e+00   0.000000e+00   0.000000e+00   1.492171e-25
251  1255.0  0.251  108.132440  0.251000  108.132440  0.251000  108.132440  0.251000  108.132440  0.411334   108.743537   0.0   0.000000e+00   0.000000e+00   0.000000e+00   3.716241e-26
252  1260.0  0.251  107.406719  0.251000  107.406719  0.251000  107.406719  0.251000  107.406719  0.313011   107.553489   0.0   0.000000e+00   0.000000e+00   0.000000e+00   4.559730e-27
253  1265.0  0.251  106.680998  0.251000  106.680998  0.251000  106.680998  0.251000  106.680998  0.253706   106.685951   0.0   0.000000e+00   0.000000e+00   0.000000e+00   2.949459e-29
254  1270.0  0.251  105.955277  0.251000  105.955277  0.251000  105.955277  0.251000  105.955277  0.251004   105.955284   0.0   0.000000e+00   0.000000e+00   0.000000e+00   2.265577e-34
255  1275.0  0.251  105.229556  0.251000  105.229556  0.251000  105.229556  0.251000  105.229556  0.251000   105.229556   0.0   0.000000e+00   0.000000e+00   0.000000e+00   1.265094e-40
256  1280.0  0.251  104.503835  0.251000  104.503835  0.251000  104.503835  0.251000  104.503835  0.251000   104.503835   0.0   0.000000e+00   0.000000e+00   0.000000e+00   7.163563e-47
257  1285.0  0.251  103.778114  0.251000  103.778114  0.251000  103.778114  0.251000  103.778114  0.251000   103.778114   0.0   0.000000e+00   0.000000e+00   0.000000e+00   4.156341e-53
258  1290.0  0.251  103.052393  0.251000  103.052393  0.251000  103.052393  0.251000  103.052393  0.251000   103.052393   0.0   0.000000e+00   0.000000e+00   0.000000e+00   2.458025e-59
259  1295.0  0.251  102.326672  0.251000  102.326672  0.251000  102.326672  0.251000  102.326672  0.251000   102.326672   0.0   0.000000e+00   0.000000e+00   0.000000e+00   1.467167e-65
260  1300.0  0.251  101.600951  0.251000  101.600951  0.251000  101.600951  0.251000  101.600951  0.251000   101.600951   0.0   0.000000e+00   0.000000e+00   0.000000e+00   8.750082e-72
261  1305.0  0.251  100.875230  0.251000  100.875230  0.251000  100.875230  0.251000  100.875230  0.251000   100.875230   0.0   0.000000e+00   0.000000e+00   0.000000e+00   5.176061e-78
262  1310.0  0.251  100.149509  0.251000  100.149509  0.251000  100.149509  0.251000  100.149509  0.251000   100.149509   0.0   0.000000e+00   0.000000e+00   0.000000e+00   3.026347e-84
263  1315.0  0.251   99.423788  0.251000   99.423788  0.251000   99.423788  0.251000   99.423788  0.251000    99.423788   0.0   0.000000e+00   0.000000e+00   0.000000e+00   1.749108e-90
264  1320.0  0.251   98.698066  0.251000   98.698066  0.251000   98.698066  0.251000   98.698066  0.251000    98.698066   0.0   0.000000e+00   0.000000e+00   0.000000e+00   1.002166e-96
265  1325.0  0.251   97.972345  0.251000   97.972345  0.251000   97.972345  0.251000   97.972345  0.251000    97.972345   0.0   0.000000e+00   0.000000e+00   0.000000e+00  5.717897e-103
266  1330.0  0.251   97.246624  0.251000   97.246624  0.251000   97.246624  0.251000   97.246624  0.251000    97.246624   0.0   0.000000e+00   0.000000e+00   0.000000e+00  3.264298e-109
267  1335.0  0.251   96.520903  0.251000   96.520903  0.251000   96.520903  0.251000   96.520903  0.251000    96.520903   0.0   0.000000e+00   0.000000e+00   0.000000e+00  1.871823e-115
268  1340.0  0.251   95.795182  0.251000   95.795182  0.251000   95.795182  0.251000   95.795182  0.251000    95.795182   0.0   0.000000e+00   0.000000e+00   0.000000e+00  1.080208e-121
269  1345.0  0.251   95.069461  0.251000   95.069461  0.251000   95.069461  0.251000   95.069461  0.251000    95.069461   0.0   0.000000e+00   0.000000e+00   0.000000e+00  6.272417e-128
270  1350.0  0.251   94.343740  0.251000   94.343740  0.251000   94.343740  0.251000   94.343740  0.251000    94.343740   0.0   0.000000e+00   0.000000e+00   0.000000e+00  3.657908e-134
271  1355.0  0.251   93.618019  0.251000   93.618019  0.251000   93.618019  0.251000   93.618019  0.251000    93.618019   0.0   0.000000e+00   0.000000e+00   0.000000e+00  2.136707e-140
272  1360.0  0.251   92.892298  0.251000   92.892298  0.251000   92.892298  0.251000   92.892298  0.251000    92.892298   0.0   0.000000e+00   0.000000e+00   0.000000e+00  1.247022e-146
273  1365.0  0.251   92.166577  0.251000   92.166577  0.251000   92.166577  0.251000   92.166577  0.251000    92.166577   0.0   0.000000e+00   0.000000e+00   0.000000e+00  7.258739e-153
274  1370.0  0.251   91.440856  0.251000   91.440856  0.251000   91.440856  0.251000   91.440856  0.251000    91.440856   0.0   0.000000e+00   0.000000e+00   0.000000e+00  4.211192e-159
275  1375.0  0.251   90.715135  0.251000   90.715135  0.251000   90.715135  0.251000   90.715135  0.251000    90.715135   0.0   0.000000e+00   0.000000e+00   0.000000e+00  2.435778e-165
276  1380.0  0.251   89.989414  0.251000   89.989414  0.251000   89.989414  0.251000   89.989414  0.251000    89.989414   0.0   0.000000e+00   0.000000e+00   0.000000e+00  1.406057e-171
277  1385.0  0.251   89.263692  0.251000   89.263692  0.251000   89.263692  0.251000   89.263692  0.251000    89.263692   0.0   0.000000e+00   0.000000e+00   0.000000e+00  8.111175e-178
278  1390.0  0.251   88.537971  0.251000   88.537971  0.251000   88.537971  0.251000   88.537971  0.251000    88.537971   0.0   0.000000e+00   0.000000e+00   0.000000e+00  4.681955e-184
279  1395.0  0.251   87.812250  0.251000   87.812250  0.251000   87.812250  0.251000   87.812250  0.251000    87.812250   0.0   0.000000e+00   0.000000e+00   0.000000e+00  2.706487e-190
280  1400.0  0.251   87.086529  0.251000   87.086529  0.251000   87.086529  0.251000   87.086529  0.251000    87.086529   0.0   0.000000e+00   0.000000e+00   0.000000e+00  1.567295e-196
281  1405.0  0.251   86.360808  0.251000   86.360808  0.251000   86.360808  0.251000   86.360808  0.251000    86.360808   0.0   0.000000e+00   0.000000e+00   0.000000e+00  9.089943e-203
282  1410.0  0.251   85.635087  0.251000   85.635087  0.251000   85.635087  0.251000   85.635087  0.251000    85.635087   0.0   0.000000e+00   0.000000e+00   0.000000e+00  5.276896e-209
283  1415.0  0.251   84.909366  0.251000   84.909366  0.251000   84.909366  0.251000   84.909366  0.251000    84.909366   0.0   0.000000e+00   0.000000e+00   0.000000e+00  3.063996e-215
284  1420.0  0.251   84.183645  0.251000   84.183645  0.251000   84.183645  0.251000   84.183645  0.251000    84.183645   0.0   0.000000e+00   0.000000e+00   0.000000e+00  1.778345e-221
285  1425.0  0.251   83.457924  0.251000   83.457924  0.251000   83.457924  0.251000   83.457924  0.251000    83.457924   0.0   0.000000e+00   0.000000e+00   0.000000e+00  1.031316e-227
286  1430.0  0.251   82.732203  0.251000   82.732203  0.251000   82.732203  0.251000   82.732203  0.251000    82.732203   0.0   0.000000e+00   0.000000e+00   0.000000e+00  5.975472e-234
287  1435.0  0.251   82.006482  0.251000   82.006482  0.251000   82.006482  0.251000   82.006482  0.251000    82.006482   0.0   0.000000e+00   0.000000e+00   0.000000e+00  3.459615e-240
288  1440.0  0.251   81.280761  0.251000   81.280761  0.251000   81.280761  0.251000   81.280761  0.251000    81.280761   0.0   0.000000e+00   0.000000e+00   0.000000e+00  2.002164e-246
289  1445.0  0.251   80.555040  0.251000   80.555040  0.251000   80.555040  0.251000   80.555040  0.251000    80.555040   0.0   0.000000e+00   0.000000e+00   0.000000e+00  1.158645e-252
290  1450.0  0.251   79.829318  0.251000   79.829318  0.251000   79.829318  0.251000   79.829318  0.251000    79.829318   0.0   0.000000e+00   0.000000e+00   0.000000e+00  6.706803e-259
291  1455.0  0.251   79.103597  0.251000   79.103597  0.251000   79.103597  0.251000   79.103597  0.251000    79.103597   0.0   0.000000e+00   0.000000e+00   0.000000e+00  3.883957e-265
292  1460.0  0.251   78.377876  0.251000   78.377876  0.251000   78.377876  0.251000   78.377876  0.251000    78.377876   0.0   0.000000e+00   0.000000e+00   0.000000e+00  2.250294e-271
293  1465.0  0.251   77.652155  0.251000   77.652155  0.251000   77.652155  0.251000   77.652155  0.251000    77.652155   0.0   0.000000e+00   0.000000e+00   0.000000e+00  1.304262e-277
294  1470.0  0.251   76.926434  0.251000   76.926434  0.251000   76.926434  0.251000   76.926434  0.251000    76.926434   0.0   0.000000e+00   0.000000e+00   0.000000e+00  7.560901e-284
295  1475.0  0.251   76.200713  0.251000   76.200713  0.251000   76.200713  0.251000   76.200713  0.251000    76.200713   0.0   0.000000e+00   0.000000e+00   0.000000e+00  4.383092e-290
296  1480.0  0.251   75.474992  0.251000   75.474992  0.251000   75.474992  0.251000   75.474992  0.251000    75.474992   0.0   0.000000e+00   0.000000e+00   0.000000e+00  2.540502e-296
297  1485.0  0.251   74.749271  0.251000   74.749271  0.251000   74.749271  0.251000   74.749271  0.251000    74.749271   0.0   0.000000e+00   0.000000e+00   0.000000e+00  1.472161e-302
298  1490.0  0.251   74.023550  0.251000   74.023550  0.251000   74.023550  0.251000   74.023550  0.251000    74.023550   0.0   0.000000e+00   0.000000e+00   0.000000e+00  8.528787e-309
299  1495.0  0.251   73.297829  0.251000   73.297829  0.251000   73.297829  0.251000   73.297829  0.251000    73.297829   0.0   0.000000e+00   0.000000e+00   0.000000e+00  4.940181e-315
300  1500.0  0.251   72.572108  0.251000   72.572108  0.251000   72.572108  0.251000   72.572108  0.251000    72.572108   0.0   0.000000e+00   0.000000e+00   0.000000e+00  2.835937e-321
301  1505.0  0.251   71.846387  0.251000   71.846387  0.251000   71.846387  0.251000   71.846387  0.251000    71.846387   0.0   0.000000e+00   0.000000e+00   0.000000e+00   0.000000e+00
302  1510.0  0.251   71.120666  0.251000   71.120666  0.251000   71.120666  0.251000   71.120666  0.251000    71.120666   0.0   0.000000e+00   0.000000e+00   0.000000e+00   0.000000e+00
303  1515.0  0.251   70.394944  0.251000   70.394944  0.251000   70.394944  0.251000   70.394944  0.251000    70.394944   0.0   0.000000e+00   0.000000e+00   0.000000e+00   0.000000e+00
304  1520.0  0.251   69.669223  0.251000   69.669223  0.251000   69.669223  0.251000   69.669223  0.251000    69.669223   0.0   0.000000e+00   0.000000e+00   0.000000e+00   0.000000e+00
305  1525.0  0.251   68.943502  0.251000   68.943502  0.251000   68.943502  0.251000   68.943502  0.251000    68.943502   0.0   0.000000e+00   0.000000e+00   0.000000e+00   0.000000e+00
306  1530.0  0.251   68.217781  0.251000   68.217781  0.251000   68.217781  0.251000   68.217781  0.251000    68.217781   0.0   0.000000e+00   0.000000e+00   0.000000e+00   0.000000e+00
307  1535.0  0.251   67.492060  0.251000   67.492060  0.251000   67.492060  0.251000   67.492060  0.251000    67.492060   0.0   0.000000e+00   0.000000e+00   0.000000e+00   0.000000e+00
308  1540.0  0.251   66.766339  0.251000   66.766339  0.251000   66.766339  0.251000   66.766339  0.251000    66.766339   0.0   0.000000e+00   0.000000e+00   0.000000e+00   0.000000e+00
309  1545.0  0.251   66.040618  0.251000   66.040618  0.251000   66.040618  0.251000   66.040618  0.251000    66.040618   0.0   0.000000e+00   0.000000e+00   0.000000e+00   0.000000e+00
310  1550.0  0.251   65.314897  0.251000   65.314897  0.251000   65.314897  0.251000   65.314897  0.251000    65.314897   0.0   0.000000e+00   0.000000e+00   0.000000e+00   0.000000e+00
311  1555.0  0.251   64.589176  0.251000   64.589176  0.251000   64.589176  0.251000   64.589176  0.251000    64.589176   0.0   0.000000e+00   0.000000e+00   0.000000e+00   0.000000e+00
312  1560.0  0.251   63.863455  0.251000   63.863455  0.251000   63.863455  0.251000   63.863455  0.251000    63.863455   0.0   0.000000e+00   0.000000e+00   0.000000e+00   0.000000e+00
313  1565.0  0.251   63.137734  0.251000   63.137734  0.251000   63.137734  0.251000   63.137734  0.251000    63.137734   0.0   0.000000e+00   0.000000e+00   0.000000e+00   0.000000e+00
314  1570.0  0.251   62.412013  0.251000   62.412013  0.251000   62.412013  0.251000   62.412013  0.251000    62.412013   0.0   0.000000e+00   0.000000e+00   0.000000e+00   0.000000e+00
315  1575.0  0.251   61.686292  0.251000   61.686292  0.251000   61.686292  0.251000   61.686292  0.251000    61.686292   0.0   0.000000e+00   0.000000e+00   0.000000e+00   0.000000e+00
316  1580.0  0.251   60.960570  0.251000   60.960570  0.251000   60.960570  0.251000   60.960570  0.251000    60.960570   0.0   0.000000e+00   0.000000e+00   0.000000e+00   0.000000e+00
317  1585.0  0.251   60.234849  0.251000   60.234849  0.251000   60.234849  0.251000   60.234849  0.251000    60.234849   0.0   0.000000e+00   0.000000e+00   0.000000e+00   0.000000e+00
318  1590.0  0.251   59.509128  0.251000   59.509128  0.251000   59.509128  0.251000   59.509128  0.251000    59.509128   0.0   0.000000e+00   0.000000e+00   0.000000e+00   0.000000e+00
319  1595.0  0.251   58.783407  0.251000   58.783407  0.251000   58.783407  0.251000   58.783407  0.251000    58.783407   0.0   0.000000e+00   0.000000e+00   0.000000e+00   0.000000e+00
320  1600.0  0.251   58.057686  0.251000   58.057686  0.251000   58.057686  0.251000   58.057686  0.251000    58.057686   0.0   0.000000e+00   0.000000e+00   0.000000e+00   0.000000e+00
321  1605.0  0.251   57.331965  0.251000   57.331965  0.251000   57.331965  0.251000   57.331965  0.251000    57.331965   0.0   0.000000e+00   0.000000e+00   0.000000e+00   0.000000e+00
322  1610.0  0.251   56.606244  0.251000   56.606244  0.251000   56.606244  0.251000   56.606244  0.251000    56.606244   0.0   0.000000e+00   0.000000e+00   0.000000e+00   0.000000e+00
323  1615.0  0.251   55.880523  0.251000   55.880523  0.251000   55.880523  0.251000   55.880523  0.251000    55.880523   0.0   0.000000e+00   0.000000e+00   0.000000e+00   0.000000e+00
324  1620.0  0.251   55.154802  0.251000   55.154802  0.251000   55.154802  0.251000   55.154802  0.251000    55.154802   0.0   0.000000e+00   0.000000e+00   0.000000e+00   0.000000e+00
325  1625.0  0.251   54.429081  0.251000   54.429081  0.251000   54.429081  0.251000   54.429081  0.251000    54.429081   0.0   0.000000e+00   0.000000e+00   0.000000e+00   0.000000e+00
326  1630.0  0.251   53.703360  0.251000   53.703360  0.251000   53.703360  0.251000   53.703360  0.251000    53.703360   0.0   0.000000e+00   0.000000e+00   0.000000e+00   0.000000e+00
327  1635.0  0.251   52.977639  0.251000   52.977639  0.251000   52.977639  0.251000   52.977639  0.251000    52.977639   0.0   0.000000e+00   0.000000e+00   0.000000e+00   0.000000e+00
328  1640.0  0.251   52.251918  0.251000   52.251918  0.251000   52.251918  0.251000   52.251918  0.251000    52.251918   0.0   0.000000e+00   0.000000e+00   0.000000e+00   0.000000e+00
329  1645.0  0.251   51.526196  0.251000   51.526196  0.251000   51.526196  0.251000   51.526196  0.251000    51.526196   0.0   0.000000e+00   0.000000e+00   0.000000e+00   0.000000e+00
330  1650.0  0.251   50.800475  0.251000   50.800475  0.251000   50.800475  0.251000   50.800475  0.251000    50.800475   0.0   0.000000e+00   0.000000e+00   0.000000e+00   0.000000e+00
331  1655.0  0.251   50.074754  0.251000   50.074754  0.251000   50.074754  0.251000   50.074754  0.251000    50.074754   0.0   0.000000e+00   0.000000e+00   0.000000e+00   0.000000e+00
332  1660.0  0.251   49.349033  0.251000   49.349033  0.251000   49.349033  0.251000   49.349033  0.251000    49.349033   0.0   0.000000e+00   0.000000e+00   0.000000e+00   0.000000e+00
333  1665.0  0.251   48.623312  0.251000   48.623312  0.251000   48.623312  0.251000   48.623312  0.251000    48.623312   0.0   0.000000e+00   0.000000e+00   0.000000e+00   0.000000e+00
334  1670.0  0.251   47.897591  0.251000   47.897591  0.251000   47.897591  0.251000   47.897591  0.251000    47.897591   0.0   0.000000e+00   0.000000e+00   0.000000e+00   0.000000e+00
335  1675.0  0.251   47.171870  0.251000   47.171870  0.251000   47.171870  0.251000   47.171870  0.251000    47.171870   0.0   0.000000e+00   0.000000e+00   0.000000e+00   0.000000e+00
336  1680.0  0.251   46.446149  0.251000   46.446149  0.251000   46.446149  0.251000   46.446149  0.251000    46.446149   0.0   0.000000e+00   0.000000e+00   0.000000e+00   0.000000e+00
337  1685.0  0.251   45.720428  0.251000   45.720428  0.251000   45.720428  0.251000   45.720428  0.251000    45.720428   0.0   0.000000e+00   0.000000e+00   0.000000e+00   0.000000e+00
338  1690.0  0.251   44.994707  0.251000   44.994707  0.251000   44.994707  0.251000   44.994707  0.251000    44.994707   0.0   0.000000e+00   0.000000e+00   0.000000e+00   0.000000e+00
339  1695.0  0.251   44.268986  0.251000   44.268986  0.251000   44.268986  0.251000   44.268986  0.251000    44.268986   0.0   0.000000e+00   0.000000e+00   0.000000e+00   0.000000e+00
340  1700.0  0.251   43.543265  0.251000   43.543265  0.251000   43.543265  0.251000   43.543265  0.251000    43.543265   0.0   0.000000e+00   0.000000e+00   0.000000e+00   0.000000e+00
341  1705.0  0.251   42.817544  0.251000   42.817544  0.251000   42.817544  0.251000   42.817544  0.251000    42.817544   0.0   0.000000e+00   0.000000e+00   0.000000e+00   0.000000e+00
342  1710.0  0.251   42.091822  0.251000   42.091822  0.251000   42.091822  0.251000   42.091822  0.251000    42.091822   0.0   0.000000e+00   0.000000e+00   0.000000e+00   0.000000e+00
343  1715.0  0.251   41.366101  0.251000   41.366101  0.251000   41.366101  0.251000   41.366101  0.251000    41.366101   0.0   0.000000e+00   0.000000e+00   0.000000e+00   0.000000e+00
344  1720.0  0.251   40.640380  0.251000   40.640380  0.251000   40.640380  0.251000   40.640380  0.251000    40.640380   0.0   0.000000e+00   0.000000e+00   0.000000e+00   0.000000e+00
345  1725.0  0.251   39.914659  0.251000   39.914659  0.251000   39.914659  0.251000   39.914659  0.251000    39.914659   0.0   0.000000e+00   0.000000e+00   0.000000e+00   0.000000e+00
346  1730.0  0.251   39.188938  0.251000   39.188938  0.251000   39.188938  0.251000   39.188938  0.251000    39.188938   0.0   0.000000e+00   0.000000e+00   0.000000e+00   0.000000e+00
347  1735.0  0.251   38.463217  0.251000   38.463217  0.251000   38.463217  0.251000   38.463217  0.251000    38.463217   0.0   0.000000e+00   0.000000e+00   0.000000e+00   0.000000e+00
348  1740.0  0.251   37.737496  0.251000   37.737496  0.251000   37.737496  0.251000   37.737496  0.251000    37.737496   0.0   0.000000e+00   0.000000e+00   0.000000e+00   0.000000e+00
349  1745.0  0.251   37.011775  0.251000   37.011775  0.251000   37.011775  0.251000   37.011775  0.251000    37.011775   0.0   0.000000e+00   0.000000e+00   0.000000e+00   0.000000e+00
350  1750.0  0.251   36.286054  0.251000   36.286054  0.251000   36.286054  0.251000   36.286054  0.251000    36.286054   0.0   0.000000e+00   0.000000e+00   0.000000e+00   0.000000e+00
351  1755.0  0.251   35.560333  0.251000   35.560333  0.251000   35.560333  0.251000   35.560333  0.251000    35.560333   0.0   0.000000e+00   0.000000e+00   0.000000e+00   0.000000e+00
352  1760.0  0.251   34.834612  0.251000   34.834612  0.251000   34.834612  0.251000   34.834612  0.251000    34.834612   0.0   0.000000e+00   0.000000e+00   0.000000e+00   0.000000e+00
353  1765.0  0.251   34.108891  0.251000   34.108891  0.251000   34.108891  0.251000   34.108891  0.251000    34.108891   0.0   0.000000e+00   0.000000e+00   0.000000e+00   0.000000e+00
354  1770.0  0.251   33.383170  0.251000   33.383170  0.251000   33.383170  0.251000   33.383170  0.251000    33.383170   0.0   0.000000e+00   0.000000e+00   0.000000e+00   0.000000e+00
355  1775.0  0.251   32.657448  0.251000   32.657448  0.251000   32.657448  0.251000   32.657448  0.251000    32.657448   0.0   0.000000e+00   0.000000e+00   0.000000e+00   0.000000e+00
356  1780.0  0.251   31.931727  0.251000   31.931727  0.251000   31.931727  0.251000   31.931727  0.251000    31.931727   0.0   0.000000e+00   0.000000e+00   0.000000e+00   0.000000e+00
357  1785.0  0.251   31.206006  0.251000   31.206006  0.251000   31.206006  0.251000   31.206006  0.251000    31.206006   0.0   0.000000e+00   0.000000e+00   0.000000e+00   0.000000e+00
358  1790.0  0.251   30.480285  0.251000   30.480285  0.251000   30.480285  0.251000   30.480285  0.251000    30.480285   0.0   0.000000e+00   0.000000e+00   0.000000e+00   0.000000e+00
359  1795.0  0.251   29.754564  0.251000   29.754564  0.251000   29.754564  0.251000   29.754564  0.251000    29.754564   0.0   0.000000e+00   0.000000e+00   0.000000e+00   0.000000e+00
360  1800.0  0.251   29.028843  0.251000   29.028843  0.251000   29.028843  0.251000   29.028843  0.251000    29.028843   0.0   0.000000e+00   0.000000e+00   0.000000e+00   0.000000e+00
361  1805.0  0.251   28.303122  0.251000   28.303122  0.251000   28.303122  0.251000   28.303122  0.251000    28.303122   0.0   0.000000e+00   0.000000e+00   0.000000e+00   0.000000e+00
362  1810.0  0.251   27.577401  0.251000   27.577401  0.251000   27.577401  0.251000   27.577401  0.251000    27.577401   0.0   0.000000e+00   0.000000e+00   0.000000e+00   0.000000e+00
363  1815.0  0.251   26.851680  0.251000   26.851680  0.251000   26.851680  0.251000   26.851680  0.251000    26.851680   0.0   0.000000e+00   0.000000e+00   0.000000e+00   0.000000e+00
364  1820.0  0.251   26.125959  0.251000   26.125959  0.251000   26.125959  0.251000   26.125959  0.251000    26.125959   0.0   0.000000e+00   0.000000e+00   0.000000e+00   0.000000e+00
365  1825.0  0.251   25.400238  0.251000   25.400238  0.251000   25.400238  0.251000   25.400238  0.251000    25.400238   0.0   0.000000e+00   0.000000e+00   0.000000e+00   0.000000e+00
366  1830.0  0.251   24.674517  0.251000   24.674517  0.251000   24.674517  0.251000   24.674517  0.251000    24.674517   0.0   0.000000e+00   0.000000e+00   0.000000e+00   0.000000e+00
367  1835.0  0.251   23.948796  0.251000   23.948796  0.251000   23.948796  0.251000   23.948796  0.251000    23.948796   0.0   0.000000e+00   0.000000e+00   0.000000e+00   0.000000e+00
368  1840.0  0.251   23.223074  0.251000   23.223074  0.251000   23.223074  0.251000   23.223074  0.251000    23.223074   0.0   0.000000e+00   0.000000e+00   0.000000e+00   0.000000e+00
369  1845.0  0.251   22.497353  0.251000   22.497353  0.251000   22.497353  0.251000   22.497353  0.251000    22.497353   0.0   0.000000e+00   0.000000e+00   0.000000e+00   0.000000e+00
370  1850.0  0.251   21.771632  0.251000   21.771632  0.251000   21.771632  0.251000   21.771632  0.251000    21.771632   0.0   0.000000e+00   0.000000e+00   0.000000e+00   0.000000e+00
371  1855.0  0.251   21.045911  0.251000   21.045911  0.251000   21.045911  0.251000   21.045911  0.251000    21.045911   0.0   0.000000e+00   0.000000e+00   0.000000e+00   0.000000e+00
372  1860.0  0.251   20.320190  0.251000   20.320190  0.251000   20.320190  0.251000   20.320190  0.251000    20.320190   0.0   0.000000e+00   0.000000e+00   0.000000e+00   0.000000e+00
373  1865.0  0.251   19.594469  0.251000   19.594469  0.251000   19.594469  0.251000   19.594469  0.251000    19.594469   0.0   0.000000e+00   0.000000e+00   0.000000e+00   0.000000e+00
374  1870.0  0.251   18.868748  0.251000   18.868748  0.251000   18.868748  0.251000   18.868748  0.251000    18.868748   0.0   0.000000e+00   0.000000e+00   0.000000e+00   0.000000e+00
375  1875.0  0.251   18.143027  0.251000   18.143027  0.251000   18.143027  0.251000   18.143027  0.251000    18.143027   0.0   0.000000e+00   0.000000e+00   0.000000e+00   0.000000e+00
376  1880.0  0.251   17.417306  0.251000   17.417306  0.251000   17.417306  0.251000   17.417306  0.251000    17.417306   0.0   0.000000e+00   0.000000e+00   0.000000e+00   0.000000e+00
377  1885.0  0.251   16.691585  0.251000   16.691585  0.251000   16.691585  0.251000   16.691585  0.251000    16.691585   0.0   0.000000e+00   0.000000e+00   0.000000e+00   0.000000e+00
378  1890.0  0.251   15.965864  0.251000   15.965864  0.251000   15.965864  0.251000   15.965864  0.251000    15.965864   0.0   0.000000e+00   0.000000e+00   0.000000e+00   0.000000e+00
379  1895.0  0.251   15.240143  0.251000   15.240143  0.251000   15.240143  0.251000   15.240143  0.251000    15.240143   0.0   0.000000e+00   0.000000e+00   0.000000e+00   0.000000e+00
380  1900.0  0.251   14.514422  0.251000   14.514422  0.251000   14.514422  0.251000   14.514422  0.251000    14.514422   0.0   0.000000e+00   0.000000e+00   0.000000e+00   0.000000e+00
381  1905.0  0.251   13.788700  0.251000   13.788700  0.251000   13.788700  0.251000   13.788700  0.251000    13.788700   0.0   0.000000e+00   0.000000e+00   0.000000e+00   0.000000e+00
382  1910.0  0.251   13.062979  0.251000   13.062979  0.251000   13.062979  0.251000   13.062979  0.251000    13.062979   0.0   0.000000e+00   0.000000e+00   0.000000e+00   0.000000e+00
383  1915.0  0.251   12.337258  0.251000   12.337258  0.251000   12.337258  0.251000   12.337258  0.251000    12.337258   0.0   0.000000e+00   0.000000e+00   0.000000e+00   0.000000e+00
384  1920.0  0.251   11.611537  0.251000   11.611537  0.251000   11.611537  0.251000   11.611537  0.251000    11.611537   0.0   0.000000e+00   0.000000e+00   0.000000e+00   0.000000e+00
385  1925.0  0.251   10.885816  0.251000   10.885816  0.251000   10.885816  0.251000   10.885816  0.251000    10.885816   0.0   0.000000e+00   0.000000e+00   0.000000e+00   0.000000e+00
386  1930.0  0.251   10.160095  0.251000   10.160095  0.251000   10.160095  0.251000   10.160095  0.251000    10.160095   0.0   0.000000e+00   0.000000e+00   0.000000e+00   0.000000e+00
387  1935.0  0.251    9.434374  0.251000    9.434374  0.251000    9.434374  0.251000    9.434374  0.251000     9.434374   0.0   0.000000e+00   0.000000e+00   0.000000e+00   0.000000e+00
388  1940.0  0.251    8.708653  0.251000    8.708653  0.251000    8.708653  0.251000    8.708653  0.251000     8.708653   0.0   0.000000e+00   0.000000e+00   0.000000e+00   0.000000e+00
389  1945.0  0.251    7.982932  0.251000    7.982932  0.251000    7.982932  0.251000    7.982932  0.251000     7.982932   0.0   0.000000e+00   0.000000e+00   0.000000e+00   0.000000e+00
390  1950.0  0.251    7.257211  0.251000    7.257211  0.251000    7.257211  0.251000    7.257211  0.251000     7.257211   0.0   0.000000e+00   0.000000e+00   0.000000e+00   0.000000e+00
391  1955.0  0.251    6.531490  0.251000    6.531490  0.251000    6.531490  0.251000    6.531490  0.251000     6.531490   0.0   0.000000e+00   0.000000e+00   0.000000e+00   0.000000e+00
392  1960.0  0.251    5.805769  0.251000    5.805769  0.251000    5.805769  0.251000    5.805769  0.251000     5.805769   0.0   0.000000e+00   0.000000e+00   0.000000e+00   0.000000e+00
393  1965.0  0.251    5.080048  0.251000    5.080048  0.251000    5.080048  0.251000    5.080048  0.251000     5.080048   0.0   0.000000e+00   0.000000e+00   0.000000e+00   0.000000e+00
394  1970.0  0.251    4.354326  0.251000    4.354326  0.251000    4.354326  0.251000    4.354326  0.251000     4.354326   0.0   0.000000e+00   0.000000e+00   0.000000e+00   0.000000e+00
395  1975.0  0.251    3.628605  0.251000    3.628605  0.251000    3.628605  0.251000    3.628605  0.251000     3.628605   0.0   0.000000e+00   0.000000e+00   0.000000e+00   0.000000e+00
396  1980.0  0.251    2.902884  0.251000    2.902884  0.251000    2.902884  0.251000    2.902884  0.251000     2.902884   0.0   0.000000e+00   0.000000e+00   0.000000e+00   0.000000e+00
397  1985.0  0.251    2.177163  0.251000    2.177163  0.251000    2.177163  0.251000    2.177163  0.251000     2.177163   0.0   0.000000e+00   0.000000e+00   0.000000e+00   0.000000e+00
398  1990.0  0.251    1.451442  0.251000    1.451442  0.251000    1.451442  0.251000    1.451442  0.251000     1.451442   0.0   0.000000e+00   0.000000e+00   0.000000e+00   0.000000e+00
399  1995.0  0.251    0.725721  0.251000    0.725721  0.251000    0.725721  0.251000    0.725721  0.251000     0.725721   0.0   0.000000e+00   0.000000e+00   0.000000e+00   0.000000e+00
400  2000.0  0.251    0.000000  0.251000    0.000000  0.251000    0.000000  0.251000    0.000000  0.251000     0.000000   0.0   0.000000e+00   0.000000e+00   0.000000e+00   0.000000e+00